,vol,T,P(GPa),E(eV),N,sigma(eV),Est_all,Fst_all,Vst_all,Est_eq,Fst_eq,Vst_eq,Est_tr,Fst_tr,Vst_tr,Ndata,phase,path
0,2100.0,1044,3.9497842010707007,-1145.3102044247346,160,0.09,16.354594622193396,3.0441222675174204,23.922443321262705,2.964145368608613,3.16544072128623,14.367968980131973,4.899964381858283,3.075910383166118,14.163730939564253,894,pv,/gpfs/loomis/project/kklee/jd848/pv+hf/1k/r1-2100/recal
1,939.1,1044,191.28416012629486,-921.75185041245,160,0.09,18.020580036198403,4.7295235862668985,26.5291041223981,9.9013705746388,4.792503246635262,22.30546077565818,10.050049117452405,4.377812794543009,21.97645610886352,1000,pv,/gpfs/loomis/project/kklee/jd848/pv+hf/1k/r1-939/recal
2,2100.0,1044,-0.7611806845981255,-1141.794064095175,160,0.09,20.302584168201175,2.8257126095338654,41.55331101946585,3.7326643516517963,2.919547607627459,15.92464596266197,3.882061806762123,2.9170000481377,16.58228550559422,1000,pv,/gpfs/loomis/project/kklee/jd848/pv+hf/1k-solid/r1-2100/recal
3,939.1,1044,168.43745330969062,-1012.0980574834501,160,0.09,6.026288149778381,4.368379486939206,20.844379973130806,5.907698789971679,4.407986655716397,19.435214553211058,6.3815869355855215,4.4657811634630695,19.610534816767693,1000,pv,/gpfs/loomis/project/kklee/jd848/pv+hf/1k-solid/r1-939/recal
4,518.76,1044,1400.5703745547366,457.39972427102504,160,0.09,17.73736507891026,8.109182050567059,39.8780878242705,16.492217173498368,8.259381516125517,24.87793256180739,16.55217639263902,7.520476912920853,27.31559570466792,1000,pv,/gpfs/loomis/project/kklee/jd848/pv+hf/1k-solid/r1-518/recal
5,2400.0,3017,-0.24877730979227586,-1072.7124468605193,160,0.26,4.949513435234956,5.293090295512439,20.9447689623515,4.200830358552729,5.297644205959897,19.858850494035245,4.6408840038007995,5.017740380624912,25.33201018101747,192,pv,/gpfs/loomis/project/kklee/jd848/pv+hf/3k/solid0/r3/cont1/recal
6,1273.0,3017,30.68051270028387,-1112.2429808273437,160,0.26,7.094164588948429,5.437980490384499,14.005548389745007,3.9728301613068364,5.460358575081179,12.19893325579332,3.6652764538380587,5.411631101659277,12.464151177630722,4000,pv,/gpfs/loomis/project/kklee/jd848/pv+hf/3k/solid1/r1-k111/recal
7,1273.0,3017,63.50039960196241,-1059.442863665585,160,0.26,18.31708010445711,5.897630151137425,25.976925764835368,5.3337273112456565,5.915310631494039,23.50775248716978,5.188586450743103,5.933803616503682,23.44519508774029,5000,pv,/gpfs/loomis/project/kklee/jd848/pv+hf/3k/solid1/r3-3k/recal
8,1195.07,3017,49.91524620009806,-1103.5472277943688,160,0.26,7.341197093616467,5.825566652892488,13.175054895487094,3.9027614283246015,5.844098315982107,11.644227462749637,4.099108148933255,5.820699007779654,12.141273776024457,4000,pv,/gpfs/loomis/project/kklee/jd848/pv+hf/3k/solid2/r1-k111/recal
9,1195.07,3017,68.35097629661001,-1046.598630079486,160,0.26,4.311472915155993,6.149660538773672,22.50861932200741,4.149120172771598,6.16405306303325,21.4980515732688,4.361609880312205,6.1070661215228315,21.030137181805685,8000,pv,/gpfs/loomis/project/kklee/jd848/pv+hf/3k/solid2/r4-3k-re/recal
10,1078.16,3017,92.66785247400873,-1068.7337568920154,160,0.26,4.189751310440448,6.584300569192246,12.736684191415995,3.947916645711793,6.582406245525399,12.347540997538095,3.8216814182836925,6.488381968014639,11.987515592056015,4000,pv,/gpfs/loomis/project/kklee/jd848/pv+hf/3k/solid3/r1/cont2/recal
11,1078.16,3017,110.02317251469044,-996.2701689036453,160,0.26,4.667142413497923,6.764588085759682,24.11063215584304,4.229572044023271,6.758396056027782,22.997805127273544,4.096105976367632,6.749742719528516,22.421610578499553,8000,pv,/gpfs/loomis/project/kklee/jd848/pv+hf/3k/solid3/r3/recal
12,1013.21,3017,128.5655244079966,-1033.17494377412,160,0.26,4.1219141235020675,7.127654934290565,13.120546813586998,4.169580243327899,7.103632247658712,13.131576585337587,4.400334236437352,6.993133777712787,13.288838923064008,5000,pv,/gpfs/loomis/project/kklee/jd848/pv+hf/3k/solid4/r1/cont1/recal
13,1013.21,3017,141.9612303387984,-958.3526346010485,160,0.26,5.9371863749612555,7.1289013411128845,26.781565724659224,4.844395409995625,7.136549315513906,23.610973568162876,5.000768006259169,7.095344589773921,24.53200950378255,8000,pv,/gpfs/loomis/project/kklee/jd848/pv+hf/3k/solid4/r3/cont1/recal
14,518.76,3017,1361.5463718030533,530.8505268760833,160,0.26,5.376451437638785,13.321189600428177,39.40102017136653,4.334332487481127,13.342498693735804,37.11325978440794,6.549402083676847,13.295250572254679,38.00210206216436,6000,pv,/gpfs/loomis/project/kklee/jd848/pv+hf/3k/300g/r3-0.8/recal
15,738.63,3017,452.2798437597988,-550.6152845059646,160,0.26,4.878771875773248,9.447598070936587,23.901809586910247,4.212599424451146,9.45872273507875,23.75946982484458,4.662040691559038,9.392740692550085,23.17028549968204,6000,pv,/gpfs/loomis/project/kklee/jd848/pv+hf/3k/300g/r3-0.9/recal
16,868.7,3017,257.7754977845091,-801.647669387825,160,0.26,4.582263459355263,8.065281519962463,22.97345474611195,4.166388419759914,8.072337264861774,22.841409167969232,3.8723530322092636,8.019595852339569,23.269374648083385,6000,pv,/gpfs/loomis/project/kklee/jd848/pv+hf/3k/300g/r3-0.95/recal
17,939.1,3017,195.0890569863202,-893.198707905473,160,0.26,4.970171848939024,7.561415181104999,25.50019675371707,4.073245658843902,7.585007516252399,24.40316726432508,4.442921486314193,7.547836935591214,24.2776592078856,6000,pv,/gpfs/loomis/project/kklee/jd848/pv+hf/3k/300g/r3-0.975/recal
18,1013.21,3017,128.30397087697298,-1032.7578093532625,160,0.26,14.878101980554696,6.919684451952792,16.44345259521424,7.2985879137449965,6.966864809184793,13.041148098251735,8.030663836040027,6.932904603525319,12.921604890481813,1000,pv,/gpfs/loomis/project/kklee/jd848/pv+hf/3k/300g/r1-1013/recal
19,738.63,3017,459.42018865970965,-624.344359090101,160,0.26,16.88103048709677,9.111969453897826,59.44461089453534,17.06253310841743,9.353041120141782,57.63595871998194,17.359587457542048,6.808564701685495,89.11909314596954,123,pv,/gpfs/loomis/project/kklee/jd848/pv+hf/3k/300g/r1-738/recal
20,518.76,3017,1414.094879027639,485.12502283284994,160,0.26,12.403659965263788,13.548397047563336,44.93857191112694,8.635511918332007,13.773985625096508,28.640819663276467,8.365336023104268,13.145428029393196,33.71612500116865,1000,pv,/gpfs/loomis/project/kklee/jd848/pv+hf/3k/300g/r1-518/recal
21,1488.78,3946,28.843348066835752,-1054.9803857134916,160,0.34,6.443795536007407,6.229552468966257,25.08237312497988,6.393069766684446,6.226034845511581,24.96942858017452,6.363059763301534,6.194106185587787,24.921723043713907,6000,pv,/gpfs/loomis/project/kklee/jd848/pv+hf/4k/25g/r3-4k/cont1/recal
22,1078.16,3946,116.52377966036532,-975.8447512411708,160,0.34,6.935022055917417,7.739232649791236,26.57644666474729,6.118561977463226,7.751718544036507,25.646684066383315,6.078132406893352,7.7694428577213595,26.421786720317815,6000,pv,/gpfs/loomis/project/kklee/jd848/pv+hf/4k/100g/r3/recal
23,1013.21,3946,149.94907417998212,-931.4076809677272,160,0.34,7.7234569107210715,8.198281525085207,29.648270824105747,6.505116140952943,8.223020941894642,28.743125250152197,6.840935844525849,8.213031316138718,28.340050512428224,6000,pv,/gpfs/loomis/project/kklee/jd848/pv+hf/4k/140g/r3-4k/cont1/recal
24,1195.07,3946,75.74485114953943,-1017.9263399370782,160,0.34,6.570840463900331,7.120140115445706,27.46864174035571,6.42400362342132,7.1199829808947195,26.523264469568037,6.378231309321608,7.108522586430355,26.704596636614934,5741,pv,/gpfs/loomis/project/kklee/jd848/pv+hf/4k/60g/r3/recal
25,1488.78,3946,28.863730644462343,-1051.6377559103666,160,0.34,8.124662564019651,6.212416885949595,24.558144548715624,8.039472388408186,6.227171072298608,24.189569098601485,8.604104710959696,6.211993784764431,24.310747517231672,3000,pv,/gpfs/loomis/project/kklee/jd848/pv+hf/4k/25g/r1-0.99/cont1/recal
26,1195.07,3946,58.19092105987869,-1081.5881546104051,160,0.34,5.463775750468118,6.882413599408843,15.124440720789046,5.457684537682867,6.891598867184517,15.331075845092409,5.965421317940275,6.868752501228752,15.931118713021748,5000,pv,/gpfs/loomis/project/kklee/jd848/pv+hf/4k/60g/r1/cont1/recal
27,1078.16,3946,101.64161433358429,-1047.0922764797624,160,0.34,5.138861750287628,7.702938550305129,15.587542154658964,5.300436220245614,7.684375126770764,15.61392816362053,5.010982519027313,7.655141286585487,14.575287457381437,5000,pv,/gpfs/loomis/project/kklee/jd848/pv+hf/4k/100g/r1/cont1/recal
28,1013.21,3946,138.09730626919097,-1008.087415703505,160,0.34,6.234481932423245,8.290194649460586,19.13179171050228,5.594756126330526,8.262302952298304,17.982827697773498,6.772569418613875,8.253276294022827,19.78025281591713,5000,pv,/gpfs/loomis/project/kklee/jd848/pv+hf/4k/140g/r1-0.78/re2/recal
29,738.63,3946,458.93963420758365,-528.6970457204292,160,0.34,5.4256693547947235,10.978936079760551,28.268604277387205,5.557588984983857,10.982610811135915,28.625105514384945,5.607552361670626,10.875457041084525,28.701646962883366,6000,pv,/gpfs/loomis/project/kklee/jd848/pv+hf/4k/300g/r3-0.9/recal
30,939.1,3946,200.5537443786972,-867.2133320804209,160,0.34,6.102102334284577,8.779053755169786,33.921794112235915,5.644815634553586,8.791411851223705,32.263357149172016,5.130682696734171,8.756647970950413,32.37245529615599,6000,pv,/gpfs/loomis/project/kklee/jd848/pv+hf/4k/300g/r3-0.975/recal
31,868.7,3946,263.4370222306513,-778.1742359031167,160,0.34,6.338503474882591,9.358101102874196,29.850984817691064,6.226136089308495,9.346834854142228,29.58566840119863,6.28502978324489,9.340521200476195,30.37379502225361,6000,pv,/gpfs/loomis/project/kklee/jd848/pv+hf/4k/300g/r3-0.95/recal
32,518.76,3946,1369.4569675893995,552.1579915729917,160,0.34,6.641629999977988,15.413196687041832,45.1969640493087,5.726828102678229,15.445124604605148,47.367670831391855,5.417628421283996,15.384683603978148,47.10334066765906,6000,pv,/gpfs/loomis/project/kklee/jd848/pv+hf/4k/300g/r3-0.8/recal
33,1013.21,3946,135.95781048377881,-1010.9193142227625,160,0.34,18.99140094759261,8.055068615608354,20.981189832234676,8.110800757038982,8.09763444260233,16.524003730700194,7.49230962567319,7.7165925351718565,18.72769642698177,1000,pv,/gpfs/loomis/project/kklee/jd848/pv+hf/4k/300g/r1-1013/recal
34,738.63,3946,471.64618183746717,-604.428024412225,160,0.34,16.01260245465882,11.425738688398416,32.54451812261825,12.173581012184144,11.52559303537402,24.873072640443205,16.919662181500087,11.110474525712688,29.206539940933126,1000,pv,/gpfs/loomis/project/kklee/jd848/pv+hf/4k/300g/r1-738/recal
35,518.76,3946,1425.5363373510681,506.13050840578757,160,0.34,10.404369375261394,15.991063845651597,47.33405663658176,7.273987613402362,16.246429115093317,31.96529422257653,8.162888236804715,15.8993520025021,39.08580576831401,1000,pv,/gpfs/loomis/project/kklee/jd848/pv+hf/4k/300g/r1-518/recal
36,2900.0,4990,0.4565573543139396,-979.8499250338663,160,0.43,25.443105167592726,5.98634556498056,29.35431799278866,22.43758422394116,6.017963608925899,25.14512965406977,7.454186019666087,5.965850290186047,24.072322659147957,766,pv,/gpfs/loomis/project/kklee/jd848/pv+hf/5k/0g/r3/recal
37,1195.07,4990,84.22859920539724,-978.7898335040145,160,0.43,8.561818505014218,7.967657555421887,30.99739850021005,8.636613221015754,7.946932172350293,31.187923016304513,8.697545494310551,7.959691461118751,30.67603025328897,6000,pv,/gpfs/loomis/project/kklee/jd848/pv+hf/5k/60g/r3/cont3/recal
38,1195.07,4990,65.71651427364576,-1058.066813666797,160,0.43,6.936615302721447,7.762255949286754,19.470182675497636,7.101289285885211,7.768289709021695,19.538723983030415,5.482774612576938,7.680678853381269,17.870982302305613,2204,pv,/gpfs/loomis/project/kklee/jd848/pv+hf/5k/60g/r1/cont2/recal
39,1078.16,4990,109.01329321277454,-1024.13895121832,160,0.43,7.191131843495758,8.6849540853887,19.256601032899688,7.441700131551224,8.709157026494683,19.689773267989573,7.569662333048048,8.578865955280389,19.19544715994747,2351,pv,/gpfs/loomis/project/kklee/jd848/pv+hf/5k/100g/r1/cont2/recal
40,1078.16,4990,127.98133673104775,-934.050277710921,160,0.43,7.786800619406263,8.734777606051473,33.53525246618073,7.89919435924638,8.736711019201735,32.96941143361199,7.9800500115499675,8.739235866050631,32.56720640029536,6000,pv,/gpfs/loomis/project/kklee/jd848/pv+hf/5k/100g/r3/cont3/recal
41,1013.21,4990,143.7572522282975,-989.30673315867,160,0.43,6.722079484065828,9.306057915104088,18.751781699652298,6.9871811837943305,9.267524563139512,18.83842822089453,6.439623895826928,9.078211989962496,19.4196895677141,2500,pv,/gpfs/loomis/project/kklee/jd848/pv+hf/5k/140g/r1/cont2/recal
42,1013.21,4990,159.82829203695474,-897.7286027764563,160,0.43,8.205237926300242,9.148763992764668,32.349729834782835,8.153953122046602,9.13575172998759,32.24234073475685,8.044510357564468,9.121136624831776,33.14776316820237,6000,pv,/gpfs/loomis/project/kklee/jd848/pv+hf/5k/140g/r3/cont3/recal
43,518.76,4990,1377.3423724843526,577.186700609375,160,0.43,17.169253451093535,17.262955838177522,51.37292140418778,7.35614268363164,17.286151549444543,42.77608565452708,8.963841014118797,17.18937401634066,44.56683600358173,4279,pv,/gpfs/loomis/project/kklee/jd848/pv+hf/5k/300g/r3-0.8/recal
44,738.63,4990,471.55992833342725,-499.858982872423,160,0.43,10.653871887614157,12.283925681410448,40.96910365165419,8.708112435981569,12.30054715090568,36.94369699518053,8.437738263994438,12.17208414066459,37.183557370430364,6000,pv,/gpfs/loomis/project/kklee/jd848/pv+hf/5k/300g/r3-0.9/recal
45,868.7,4990,272.88426167518764,-754.195862658275,160,0.43,8.199900535093045,10.552937435855066,35.48112670910526,8.051297166718745,10.550423527509233,35.29865081496169,7.991321037316812,10.472710334155492,35.17327638460832,6000,pv,/gpfs/loomis/project/kklee/jd848/pv+hf/5k/300g/r3-0.95/recal
46,939.1,4990,207.766857034575,-834.6542379299417,160,0.43,9.235136172956615,9.804448522608306,34.06416231676441,8.667704683983166,9.826676014935275,34.1237874507968,8.237427132835982,9.814341391108247,34.81557478256214,6000,pv,/gpfs/loomis/project/kklee/jd848/pv+hf/5k/300g/r3-0.975/recal
47,1013.21,4990,143.87682129992393,-988.8928752949001,160,0.43,23.384693012862215,9.218894012689871,25.91604182277693,9.70985731826609,9.273976779422414,20.353167084399143,10.259321481964275,9.382006789543787,23.16721694352838,1000,pv,/gpfs/loomis/project/kklee/jd848/pv+hf/5k/300g/r1-1013/recal
48,738.63,4990,480.776148327508,-582.4427244871374,160,0.43,20.33127327941126,12.813883254993845,35.95208328608651,13.613231762156882,12.89084128856482,30.4659202422817,11.19708566181695,12.531150759610304,31.02062724869964,1000,pv,/gpfs/loomis/project/kklee/jd848/pv+hf/5k/300g/r1-738/recal
49,518.76,4990,1437.5460557940876,527.9058479703125,160,0.43,8.353191288817683,18.24316811158057,49.815101410494336,5.248080079570408,18.556511318309227,35.35159416436488,6.47900612461776,18.157721887572816,29.736122069465313,1000,pv,/gpfs/loomis/project/kklee/jd848/pv+hf/5k/300g/r1-518/recal
50,738.63,1044,431.0611389318995,-662.9721451021625,160,0.09,3.5887225348475265,5.662075899501406,26.853960140296802,3.229932721509748,5.631114010949129,24.500694350169496,3.241924013140402,5.843602852280449,32.49884725476209,1000,ppv,/gpfs/loomis/project/kklee/jd848/ppv/1k/r1-738/recal
51,518.76,1044,1377.981173016779,428.13409177076255,160,0.09,6.78189015352199,8.043793913130232,47.53568376793157,5.866031552527781,7.875247654879046,42.2140250266453,5.7065121052755385,7.441796223800677,40.19495221013776,1000,ppv,/gpfs/loomis/project/kklee/jd848/ppv/1k/r1-518/recal
52,1078.16,1044,74.0874173704731,-1085.3525334442875,160,0.09,4.256740716815197,3.517171018753499,9.296802459511573,2.126446023383058,3.5246554284715073,7.879524304410158,1.9737263159349834,3.518227214259557,7.135661977983052,1000,ppv,/gpfs/loomis/project/kklee/jd848/ppv/1k/r1-1078/recal
53,939.1,1044,158.50765121710987,-994.3693895472124,160,0.09,4.4448145670172154,4.134273364417829,11.174988154045407,3.212160280921192,4.1343170562401665,8.60874934451372,2.741433064288181,4.169264459222363,8.469516082450024,1000,ppv,/gpfs/loomis/project/kklee/jd848/ppv/1k/r1-939/recal
54,1500.0,1044,5.941488782314266,-1125.94514261755,160,0.09,5.645115389389295,2.875951151047521,48.29073171673677,4.342618851415279,2.94548539092438,33.99642192888974,2.572045281979513,2.984398021280685,38.33763684502925,1000,ppv,/gpfs/loomis/project/kklee/jd848/ppv/1k/r1-1500/recal
55,518.76,1973,1389.5757517411557,449.0318730211875,160,0.17,5.189354055105529,11.587523400508191,48.99051446981584,3.819473741880038,11.41553949850104,38.04071231768757,5.007013152718903,11.589074683706421,51.35109583363083,1000,ppv,/gpfs/loomis/project/kklee/jd848/ppv/2k/r1-518/recal
56,738.63,1973,442.36280587815827,-637.6242368880487,160,0.17,15.04312542953779,8.25754857296298,37.12292175803512,14.816348145290425,8.510544307022652,36.91082598378968,4.696541860000025,7.222041695558893,34.31752289251503,102,ppv,/gpfs/loomis/project/kklee/jd848/ppv/2k/r1-738/recal
57,1078.16,1973,81.90310542056233,-1064.470864024875,160,0.17,8.047938915284375,5.085684621120376,13.788704279674437,3.5810952403054315,5.085879836459601,11.085770743292956,3.441191134923152,5.066655279558636,11.569367912016434,1000,ppv,/gpfs/loomis/project/kklee/jd848/ppv/2k/r1-1078/recal
58,939.1,1973,166.8147217922701,-973.3944298443877,160,0.17,8.470411892101147,5.923246671892296,14.217288175918734,5.17667378432802,5.93265384318701,10.83382376008841,5.618840675161822,5.937633613679926,9.017621122998449,1000,ppv,/gpfs/loomis/project/kklee/jd848/ppv/2k/r1-939/recal
59,1500.0,1973,14.48759025827057,-1106.7610787696874,160,0.17,6.503973450889339,4.251199467933893,41.1835311413205,4.019154069910259,4.339870692420222,25.91718486953477,2.9493041439753123,4.267040657394236,31.046686726481227,1000,ppv,/gpfs/loomis/project/kklee/jd848/ppv/2k/r1-1500/recal
60,738.63,3017,449.6518194702435,-620.5067247872014,160,0.26,10.244573012199877,9.48926392626771,20.772431933942485,8.021152901889598,9.480790027311334,17.83044539358785,7.891961175192843,9.59431001215624,17.396329702396397,1862,ppv,/gpfs/loomis/project/kklee/jd848/ppv/3k/r1-738/recal
61,518.76,3017,1400.510097696842,470.38747445836475,160,0.26,5.2678430114068115,14.114936203820676,34.915646513705624,3.6186817297567626,14.02125240424257,21.868717288611155,3.7639024365178813,14.089257084576522,26.429993493361994,2056,ppv,/gpfs/loomis/project/kklee/jd848/ppv/3k/r1-518/recal
62,1500.0,3017,22.56785816307275,-1080.4154007842958,160,0.26,7.414886063441326,5.275164804973149,37.4945474895992,5.386040808187824,5.347731419158072,25.647383577943792,5.041382120525412,5.369334733219948,26.45683295696656,1393,ppv,/gpfs/loomis/project/kklee/jd848/ppv/3k/r1-1500/recal
63,1281.42,3017,29.43357232123814,-1085.030606031721,160,0.26,6.690450114058954,5.29448930288515,16.364312874292384,4.264805232777372,5.300943543382411,14.197663324948033,4.282158335004054,5.425004930382557,13.795752412549888,3000,ppv,/gpfs/loomis/project/fas/kklee/jd848/ppv/3k/r1-1.1/recal
64,962.75,3017,156.37282041640717,-973.6225725222099,160,0.26,6.300298328233346,7.243465686180772,14.3278550258416,3.842401033604753,7.258827481609493,13.330239950099834,3.7269327784991164,7.385358171764516,12.666878818623026,5000,ppv,/gpfs/loomis/project/fas/kklee/jd848/ppv/3k/r1/recal
65,1114.5,3017,74.4954248730185,-1057.1356321609626,160,0.26,7.33067680118927,6.11643812416495,14.34083926926518,3.7965869152167184,6.137045789226404,12.549251900212482,4.15439126016193,6.239958556585366,12.579356487517172,3000,ppv,/gpfs/loomis/project/fas/kklee/jd848/ppv/3k/r1-1.05/recal
66,738.63,3946,458.71229432458875,-599.5058584005626,160,0.34,13.0968650018145,11.19061885824422,22.465906713609247,9.257652290752732,11.232343000570193,19.029599844837477,8.891118179680474,11.351412025859467,20.275527619222398,1755,ppv,/gpfs/loomis/project/kklee/jd848/ppv/4k/r1-738/recal
67,518.76,3946,1411.9553298779308,491.9456152912979,160,0.34,9.853233688396035,16.32662581687978,35.06679436112571,8.416207546265978,16.270395685766253,25.63036046564502,7.592825184028705,16.45940471463466,28.113501872539075,2022,ppv,/gpfs/loomis/project/kklee/jd848/ppv/4k/r1-518/recal
68,1500.0,3946,27.3428373929884,-1052.4902433934749,160,0.34,9.590137700773266,6.105699373020735,33.800867773006075,5.858737008563579,6.157033425434117,23.01328986371493,6.036232478060829,6.190443353337898,21.49394546866415,1266,ppv,/gpfs/loomis/project/kklee/jd848/ppv/4k/r1-1500/recal
69,518.76,4990,1423.0019887331455,514.0569730122,160,0.43,16.746226864215572,18.26162591277227,40.21860222923324,13.260733350605534,18.152147770575997,28.908923865417865,13.022006903270654,18.316391138887518,31.25214546140431,1000,ppv,/gpfs/loomis/project/kklee/jd848/ppv/5k/r1-518/recal
70,738.63,4990,468.333458974958,-577.6841426439,160,0.43,18.178799333750742,12.508804422040882,27.54591701412964,10.21115236242441,12.526496209178385,22.674920502293155,10.144525044745087,12.535115756974797,22.75931687604408,1000,ppv,/gpfs/loomis/project/kklee/jd848/ppv/5k/r1-738/recal
71,939.1,4990,191.65830607524884,-909.4463794320375,160,0.43,18.92128993773861,9.740287995177507,26.550343991861805,7.599030927243523,9.781564112006363,20.556188266382634,6.913865097743673,9.666073701458815,20.56903271157708,1000,ppv,/gpfs/loomis/project/kklee/jd848/ppv/5k/r1-939/recal
72,1078.16,4990,105.40685552933597,-1000.428050494125,160,0.43,18.906309492951326,8.282430663094733,26.596074135880826,6.390850503057987,8.312058041108424,18.20177747786034,9.061114757691135,8.194970676369795,18.365624735292577,1000,ppv,/gpfs/loomis/project/kklee/jd848/ppv/5k/r1-1078/recal
73,962.75,3946,164.8018089020269,-952.2047981309126,160,0.34,10.012101403242168,8.440664877763103,18.97456761888893,5.616120482614548,8.471345731985283,17.07967579031699,5.338364236203771,8.52499229566047,15.464632907290547,3000,ppv,/gpfs/loomis/project/fas/kklee/jd848/ppv/4k/r1/recal
74,1114.5,3946,82.52052634725452,-1035.7920841605626,160,0.34,9.710803466170802,7.184425301865122,17.785743617980188,5.192280025250843,7.22837638843865,15.230575525411908,5.574695859782122,7.348487753750844,14.558792471918675,3000,ppv,/gpfs/loomis/project/fas/kklee/jd848/ppv/4k/r1-1.05/recal
75,1281.42,3946,37.802629563314774,-1062.1630234464208,160,0.34,9.001800209537167,6.232538352631191,21.76919023060602,5.672227835595352,6.259594414232501,18.584454620262605,7.501613248465324,6.393338783087893,20.11269220285478,3000,ppv,/gpfs/loomis/project/fas/kklee/jd848/ppv/4k/r1-1.1/recal
76,1000.0,9980,210.96087847216117,-710.0785900566275,160,0.86,45.102232073396436,12.716959213775837,56.47090763482167,15.712232851791866,12.695459337050615,40.249082462773124,17.806512572523683,12.224754900412957,39.6068824032683,745,ppv,/gpfs/loomis/project/kklee/jd848/ppv/10k/r1-1000/recal
77,519.0,9980,1456.4646816550462,622.777959257,160,0.86,31.355234899952993,25.472935559443922,49.3124332715856,12.542020704893403,25.50595417378604,45.37290770009443,14.584917267802552,24.762554939849302,38.84464720292148,1000,ppv,/gpfs/loomis/project/kklee/jd848/ppv/10k/r1-519/recal
78,1000.0,9980,209.83801624482692,-715.8763069515335,160,0.86,46.089937145227076,12.770629017070826,56.20881560229486,15.161007544114813,12.742950094817378,45.550758111554195,13.47402855085497,12.579340094823976,46.69609141510546,953,pv,/gpfs/loomis/project/kklee/jd848/pv+hf/10k/pv/r1-1000/recal
79,519.0,9980,1472.8624728242312,642.4392849730875,160,0.86,30.171876373155236,26.220909798695576,55.98079246112953,15.546388047085252,26.254240861129464,53.02628281774543,15.301435477445649,25.861102970708167,55.8865902377595,1000,pv,/gpfs/loomis/project/kklee/jd848/pv+hf/10k/pv/r1-519/recal
80,218.85,9980,12224.709662738582,8948.813521518325,160,0.86,56.64868978172241,51.228411524914485,175.40076371393107,19.99417339438517,51.55061997588648,103.58541530880315,22.339884082917628,50.77382682896788,97.66287581173505,1000,pv,/gpfs/loomis/project/kklee/jd848/pv+hf/10k/pv/r1-218/recal
81,126.65,9980,39455.477291771844,21675.447244741623,160,0.86,149.97542296172048,82.07305901731812,233.1752156989698,52.95580370620617,83.89834790314563,134.55449809239147,55.404954387075854,82.94199306964762,135.04994946385617,909,pv,/gpfs/loomis/project/kklee/jd848/pv+hf/10k/pv/r1-126/recal
82,218.85,4990,12216.988554595971,8761.59625301605,160,0.43,49.68822099860922,36.36492948134318,75.6439380169994,41.31843437784084,36.51257805588509,70.15005593968694,53.79881185211814,35.65785150080354,66.10108923189364,1000,pv,/gpfs/loomis/project/kklee/jd848/pv+hf/5k/4000g/r3-218/recal
83,126.65,4990,39738.24740213523,21550.545791953635,160,0.43,82.94225579579745,57.59196894474482,191.07223390938887,38.16422356497129,59.383752488950364,101.73435936048996,43.635753145192545,60.2450962991549,117.69248053684439,942,pv,/gpfs/loomis/project/kklee/jd848/pv+hf/5k/4000g/r3-126/recal
84,347.53,4990,4167.25706643017,3155.0098988170125,160,0.43,20.992336197702425,25.220764853599665,87.51006686668912,11.638876445476999,25.774974917281043,52.699739635448,14.266754833985313,25.144758510624516,59.643138511450886,1000,pv,/gpfs/loomis/project/kklee/jd848/pv+hf/5k/4000g/r1-347/recal
85,218.85,4990,12185.170464368099,8857.374304127625,160,0.43,70.92800322703772,34.90289024782468,185.70318173761083,22.175377778469358,35.89164886457298,79.14445698282086,29.9519924166857,34.279228532504604,76.54659702756192,1000,pv,/gpfs/loomis/project/kklee/jd848/pv+hf/5k/4000g/r1-218/recal
86,126.65,4990,39394.1240622954,21524.850774912276,160,0.43,153.64782685800012,57.00239572865292,256.277026529289,28.80956912088349,59.58471086144589,119.69597232008475,36.43371582945924,58.874733284939886,126.32330353944822,1000,pv,/gpfs/loomis/project/kklee/jd848/pv+hf/5k/4000g/r1-126/recal
87,347.53,1044,4001.8237590242707,3042.9860460699,160,0.09,26.70272860697276,10.786653116280709,147.7109319602246,12.188847215496413,11.418993625035746,31.660003489191944,10.978673913690827,10.885454241876026,29.574929975263974,1000,pv,/gpfs/loomis/project/kklee/jd848/pv+hf/1k-solid/r1-347/recal
88,218.85,1044,12204.499044462436,8811.852133714687,160,0.09,66.42033092049472,19.048758872200555,167.59348930965862,31.652002702662383,19.99515520829719,34.861626380011856,20.473791045225845,15.099174702320482,25.541993240840505,1000,pv,/gpfs/loomis/project/kklee/jd848/pv+hf/1k-solid/r1-218/recal
89,126.65,9980,39869.16227069259,21637.079507243543,160,0.86,71.07900746006518,85.49628942365686,185.07680398248294,38.23230926105453,86.21144235317631,151.7781837705489,39.615602121731186,86.66917557323373,148.975713227033,2000,pv,/gpfs/loomis/project/kklee/jd848/pv+hf/10k/r3-0.5-10k/recal
90,218.85,9980,12287.061982895435,8875.980817850528,160,0.86,24.548088842244677,52.45323161213197,86.33888220068815,22.007278258221167,52.67528448366608,84.79671017987393,25.546831290535064,49.928232771473574,84.77548225350162,875,pv,/gpfs/loomis/project/kklee/jd848/pv+hf/10k/r3-0.6-10k/recal
91,347.53,9980,4130.018315554204,3190.3526196249877,160,0.86,16.05901012104309,35.36895982186174,76.14835740434155,15.93457772958438,35.29108521701156,77.98591741242764,16.7886507091519,34.489355250153814,76.25794298976746,2000,pv,/gpfs/loomis/project/kklee/jd848/pv+hf/10k/r3-0.7-10k/recal
92,1000.0,9980,209.65053899110413,-717.2412150269859,160,0.86,29.640023025834324,12.717832887423501,52.787574259288334,14.426928566925634,12.805266906270498,41.134113778700254,11.427754055692025,12.887540774194987,39.36543752072704,796,pv,/gpfs/loomis/project/kklee/jd848/pv+hf/10k/r3-1000/recal
93,4000.0,9980,0.25695389489411546,-849.1094167602631,160,0.86,29.198999833044073,6.447269608851899,62.334303350305355,12.216282805709,6.726175314192818,26.397866174139843,12.426788864400182,6.695201633991207,27.443805420480025,94,ppv,/gpfs/loomis/project/kklee/jd848/ppv/10k/r1-4000/recal
94,4000.0,9980,-0.03956498485546911,-838.7150486232954,160,0.86,25.358648029127327,6.299687212559205,63.47591633704072,10.486189925644135,6.583437586222741,25.805893463671016,9.333890193724116,4.058000987996112,16.70450963947765,110,pv,/gpfs/loomis/project/kklee/jd848/pv+hf/10k/pv/r1-4000/recal
95,347.53,4990,4039.5262391186234,3079.6024618580377,160,0.43,14.867204939030916,25.07766194316409,49.41562775944588,7.85212764678137,25.14993938617594,48.31311200304488,12.659686044179484,24.44532986943476,43.71858431667698,1000,pv,/gpfs/loomis/project/kklee/jd848/pv+hf/5k/4000g/r3-347/recal
96,4000.0,9980,0.8588111954328821,-826.4437925486666,160,0.86,34.26291792454486,6.465380638755185,59.8302801236422,13.119436071790625,6.696421739540838,24.869632003279527,20.635716777028396,5.688177124067951,34.1480074230604,93,pv,/gpfs/loomis/project/kklee/jd848/pv+hf/10k/r3-4000/recal
97,1000.0,19960,272.08280721899234,-598.9061493965698,160,1.72,107.06612595905597,17.046773410629374,122.93553591999942,41.416270729930304,16.91243037521667,63.42259332032575,28.494626127086878,16.456901531232177,57.31890143768095,214,pv,/gpfs/loomis/project/kklee/jd848/pv+hf/20k/melt/r3-1000/recal
98,519.0,19960,1576.8366688827603,1055.0943194706845,160,1.72,116.43975071442618,33.38470369483345,115.82695372869348,35.08285743976803,33.3953301261787,81.60535226745735,46.1403133946537,33.09762325141108,79.1749134477812,419,pv,/gpfs/loomis/project/kklee/jd848/pv+hf/20k/melt/r3-519/recal
99,347.53,19960,4247.004573939811,3537.514549110607,160,1.72,104.46984282714179,48.20476932705301,119.92985445256853,40.30595810813987,48.237302502743916,111.13383691349446,47.73584142039862,47.422658808868,104.94388211967365,473,pv,/gpfs/loomis/project/kklee/jd848/pv+hf/20k/melt/r3-347/recal
100,218.85,19960,12413.299053671692,9149.47881045486,160,1.72,85.34738894404138,73.07973099313585,149.546448151842,58.55426666773088,73.54944709319396,141.45432630714473,66.63965318055156,72.48561845731659,131.43364591197235,673,pv,/gpfs/loomis/project/kklee/jd848/pv+hf/20k/melt/r3-218/recal
101,126.65,19960,40292.05304475428,21914.938221079323,160,1.72,73.06159694204803,119.35756189596216,222.00140508562566,33.03837222108102,119.36242357622761,172.20265392383342,25.900118676510644,112.71784042181177,161.21857261960355,737,pv,/gpfs/loomis/project/kklee/jd848/pv+hf/20k/melt/r3-126/recal
102,1000.0,14970,248.1649997842106,-605.624600671737,160,1.29,60.982053261521756,15.27575066736472,78.30164620826197,15.472165866781324,15.338913536254246,45.05530281250359,19.72933803506257,15.078615611970903,42.10788333577572,475,pv,/gpfs/loomis/project/kklee/jd848/pv+hf/15k/melt/r3-1000/recal
103,519.0,14970,1498.4481922447276,890.2122497091742,160,1.29,68.3831904116593,29.269806562230833,88.30260030785337,28.77663883989063,29.23814036408075,77.16729037632155,23.218519768704677,27.982823653836434,69.81222063398194,681,pv,/gpfs/loomis/project/kklee/jd848/pv+hf/15k/melt/r3-519/recal
104,347.53,14970,4144.4527650343725,3321.8364633733104,160,1.29,51.69782480894108,42.09863181720582,94.39509921523086,27.222193307485803,42.18790984777984,88.5578520371925,26.468005462410183,40.312008896210266,94.39352687968807,909,pv,/gpfs/loomis/project/kklee/jd848/pv+hf/15k/melt/r3-347/recal
105,218.85,14970,12294.851643855181,8967.245108118388,160,1.29,40.50596012750769,63.67120871631838,123.00673175546008,31.09687516214654,63.76065703010277,113.37009836490641,30.00006635467358,62.60626233744334,110.48969393202921,1000,pv,/gpfs/loomis/project/kklee/jd848/pv+hf/15k/melt/r3-218/recal
106,126.65,14970,40215.32801266756,21782.51795327948,160,1.29,101.25333419286581,104.41342692092677,209.13966625393107,69.76452578775418,105.28858319098121,163.24406726202983,63.54996209624003,100.8423851385926,155.69020942441898,841,pv,/gpfs/loomis/project/kklee/jd848/pv+hf/15k/melt/r3-126/recal
107,519.0,14970,1503.3618776033861,904.5436378473592,160,1.29,69.94654581021085,29.401563996115208,92.69103886075061,25.379963788393034,29.423969495667066,77.51023488922638,20.800401794615233,28.720831763555495,81.93713164585958,709,pv,/gpfs/loomis/project/kklee/jd848/pv+hf/15k/pv/r1-519/recal
108,347.53,14970,4158.630694297195,3338.2798096019537,160,1.29,63.54298610047516,42.83330321658548,122.7755420737502,30.50011678058201,42.90984821039108,87.69126911111272,29.110264481549873,42.27979969067427,79.58958963147184,915,pv,/gpfs/loomis/project/kklee/jd848/pv+hf/15k/pv/r1-347/recal
109,218.85,14970,12300.53448779682,9009.708252902376,160,1.29,80.83809483525438,63.12583965244377,167.17644059889582,35.539726123615736,63.318487732031734,125.1676812241771,42.12810003458425,62.468922949107,128.33189484690755,999,pv,/gpfs/loomis/project/kklee/jd848/pv+hf/15k/pv/r1-218/recal
110,126.65,14970,39461.53002025885,21825.13925293827,160,1.29,145.8363527561876,99.229311836525,252.75843791139306,67.43682661552212,100.43450525554199,162.75153381895132,73.84055035847754,97.92539998190212,187.74718695682787,846,pv,/gpfs/loomis/project/kklee/jd848/pv+hf/15k/pv/r1-126/recal
111,519.0,24950,1623.664749380715,1126.5442889827857,160,2.15,183.3524293319957,34.08530276311436,156.6060277272457,95.79095426994952,35.28729535882579,107.79797667172723,145.5217513445052,31.021361127049687,141.0962616610036,175,pv,/gpfs/loomis/project/kklee/jd848/pv+hf/25k/r3-519/recal
112,347.53,24950,4345.811327253392,3715.6619088389953,160,2.15,189.61453118814077,52.42524737445423,158.99206451772508,98.45071202693919,52.35686242719471,135.1779011938364,94.55501686832821,46.68674695389613,133.21922825212346,236,pv,/gpfs/loomis/project/kklee/jd848/pv+hf/25k/r3-347/recal
113,218.85,24950,12525.81195142979,9399.091648146436,160,2.15,160.09287664134777,79.30582025693893,154.3728088533259,79.04329179601028,78.42186192894127,138.77156462076923,95.32240431065411,77.21161194159801,128.96219957775392,252,pv,/gpfs/loomis/project/kklee/jd848/pv+hf/25k/r3-218/recal
114,126.65,24950,40093.44970482218,22123.127523363317,160,2.15,87.32423970580128,132.40939833047034,306.61493335700067,74.59753659824581,132.64350549314278,223.12933717042267,48.39655768110525,116.92245440053475,181.9606894217211,304,pv,/gpfs/loomis/project/kklee/jd848/pv+hf/25k/r3-126/recal
115,126.65,30056,40189.38453977351,22246.7030473123,160,2.59,118.67582340560698,143.7964081692182,331.7977324191278,104.74017890172838,142.3769121107597,226.08443444810945,100.05316295530461,134.67687731142757,169.74696090264095,206,pv,/gpfs/loomis/project/kklee/jd848/pv+hf/30k/melt/r3-126/recal
116,519.0,19960,1624.45225629492,1057.8708531749703,160,1.72,47.526096502845746,33.47563091097364,87.71518905731318,30.158388335845924,33.36842110243656,83.96568822070147,28.669040851325878,33.16887321822913,82.99662982245366,844,pv,/gpfs/loomis/project/kklee/jd848/pv+hf/20k/pv/r1-519/recal
117,347.53,19960,4316.13385244732,3540.385476632855,160,1.72,46.82910707822335,48.386345165253836,112.43844196275492,41.77108464652909,48.269329828041016,107.4364488311767,43.55411144404735,48.08673058408663,108.44781073106375,941,pv,/gpfs/loomis/project/kklee/jd848/pv+hf/20k/pv/r1-347/recal
118,218.85,19960,12518.675832189187,9112.508430228287,160,1.72,34.03849658544312,73.37114584513418,145.2580366151755,34.20282178270677,73.37875900977143,144.1102203058887,34.124738964882965,72.95215275719109,148.36123559330707,1000,pv,/gpfs/loomis/project/kklee/jd848/pv+hf/20k/pv/r1-218/recal
119,126.65,19960,39915.61895203314,21915.599622189322,160,1.72,107.56552948393585,117.64037729673717,237.90245538703203,58.713882573726494,116.94080345669384,178.9676427780202,44.286034525611555,113.77477958373487,159.18824933433427,1000,pv,/gpfs/loomis/project/kklee/jd848/pv+hf/20k/pv/r1-126/recal
120,519.0,24950,1686.675765715339,1154.8351927684314,160,2.15,88.55984186980115,37.03643076580532,107.79467416512242,40.351791921135984,37.02325572242744,92.33557344639192,43.61992313742497,35.24206991756566,98.2334465276129,382,pv,/gpfs/loomis/project/kklee/jd848/pv+hf/25k/pv/r1-519/recal
121,347.53,24950,4411.773112243453,3707.9268772326172,160,2.15,80.86973038420665,53.43258485933589,119.37781182192647,44.52154034457817,53.182503793365974,113.85835415265707,47.90720812048276,51.514420656840876,122.59688923493295,482,pv,/gpfs/loomis/project/kklee/jd848/pv+hf/25k/pv/r1-347/recal
122,218.85,24950,12627.654850601597,9357.91187599787,160,2.15,61.845112867421804,80.06778761016714,153.5379536227311,41.952970766995456,79.38782223186402,151.76904324068596,35.361330930222685,76.06335854979926,154.78536295874108,505,pv,/gpfs/loomis/project/kklee/jd848/pv+hf/25k/pv/r1-218/recal
123,126.65,24950,40172.210269959745,22108.194343471398,160,2.15,103.6623861988461,130.960498725745,261.6979979505593,59.45883758477926,130.04627555283508,204.9964170206653,83.70781744743543,129.66602344621316,206.0935675941104,662,pv,/gpfs/loomis/project/kklee/jd848/pv+hf/25k/pv/r1-126/recal
124,519.0,14970,1523.796616950435,775.0219545585875,160,1.29,35.58979580558869,30.74343416179933,68.87165335754277,25.801045119006204,30.732384382859575,66.59238238394751,26.195347520844127,31.025152115030867,68.18397981982942,1000,ppv,/gpfs/loomis/project/kklee/jd848/ppv/15k/r1-519/recal
125,519.0,19960,1596.0641476110154,1053.7673989649552,160,1.72,67.18599780186612,33.09760409503098,85.59613897317624,34.30211294958646,32.93148459685154,78.97259521275643,32.41724631544782,32.905087510161486,74.25136446110196,840,ppv,/gpfs/loomis/project/kklee/jd848/ppv/20k/r1-519/recal
126,519.0,24950,1664.2992204692732,1167.0793303781747,160,2.15,118.10857429702195,36.682587237276216,109.09480135308836,32.41287268829467,37.011898837666855,90.24282383324704,46.60140760213637,34.0165784346005,85.77003165148824,328,ppv,/gpfs/loomis/project/kklee/jd848/ppv/25k/r1-519/recal
127,6108.19,19960,15.579078724622185,-1044.1546724965926,160,1.72,11.415756345155753,7.113179372661825,26.103254515852427,7.382219227335554,6.130988835904547,19.98196491319107,5.60571904311136,5.964420360627305,19.34014086328918,337,pv,/gpfs/loomis/project/kklee/jd848/pv+hf/20k/melt/r3-6108/recal
128,5500.0,14970,2.2153006665984516,-877.2845629842373,160,1.29,5.125354078155123,5.712418376074201,19.99528266476467,4.749341446552625,5.332198384070008,19.5067549223504,0.06693383500004302,4.829185815620289,14.78666903285763,73,pv,/gpfs/loomis/project/kklee/jd848/pv+hf/15k/melt/r3-5500/cont1/recal
129,8000.0,24950,5.143794090361445,-1264.5466204616266,160,2.15,9.053622413918763,5.8412763460454,21.573524593725356,5.047591997808152,4.719197783004565,15.944896555242577,18.233826701130102,22.587732360358853,57.7509716785038,207,pv,/gpfs/loomis/project/kklee/jd848/pv+hf/25k/r3-8000/cont2/recal
130,1000.0,24950,290.11334736434117,-640.6789471325582,160,2.15,141.845588803336,17.310844169718,159.64330890591935,79.98595561253944,17.944557352076533,93.81409673901979,123.75603322006857,21.38235265092452,137.54396418265688,107,pv,/gpfs/loomis/project/kklee/jd848/pv+hf/25k/r3-1000/recal
131,9500.0,30056,9.42871439251411,-1582.8990164173333,160,2.59,16.570802144158645,5.552421660257139,26.561606489622545,15.095554917710581,5.953566311674336,25.98052505088337,245.61092095500004,40.04623062891025,253.3765440267562,56,pv,/gpfs/loomis/project/kklee/jd848/pv+hf/30k/melt/r3-9500/cont1/recal
132,1000.0,30056,390.00608254761903,-589.4310287875713,160,2.59,172.99374763381024,21.61167510338321,60.46929974448819,188.19588460065597,21.787553224829587,61.64819941084107,40.82007619578694,18.471108990825893,54.60255060173911,87,pv,/gpfs/loomis/project/kklee/jd848/pv+hf/30k/melt/r3-1000/cont1/recal
133,519.0,30056,1772.6110410579909,1204.7334778777324,160,2.59,48.66376798771069,39.97279595879999,96.5992778019951,47.86882192062584,40.06421449504458,98.44878362251947,36.80089063123564,37.85205114219459,102.93288478945928,215,pv,/gpfs/loomis/project/kklee/jd848/pv+hf/30k/melt/r3-519/cont1/recal
134,347.53,30056,4573.48046160439,3828.865610425513,160,2.59,48.82264569772198,57.220575270011935,120.22544272858815,45.699343931680446,57.19222155087554,118.0790608324008,48.476620142736586,53.7366280127442,100.84843601773254,195,pv,/gpfs/loomis/project/kklee/jd848/pv+hf/30k/melt/r3-347/cont1/recal
135,519.0,30056,1740.9963030056144,1200.7253831822454,160,2.59,83.01613906375783,40.10292946897604,110.70771857548642,42.61876774497618,40.08834867218952,99.62602983380161,47.482974206498284,39.42892274116853,100.035027044178,957,pv,/gpfs/loomis/project/kklee/jd848/pv+hf/30k/pv/r1-519/recal
136,347.53,30056,4504.161504588318,3840.0015706560876,160,2.59,87.54324797815941,57.17777077596213,130.9005651352906,50.94776284534198,57.05057893689413,126.3489097250773,48.55313612976973,55.630744381535756,126.06427519716414,1000,pv,/gpfs/loomis/project/kklee/jd848/pv+hf/30k/pv/r1-347/recal
137,218.85,30056,12746.501515599515,9557.148270262218,160,2.59,107.50698349697703,86.89778832280668,162.10212954808077,69.29806815823075,86.76144303849692,160.56003486790732,54.862782703641116,84.2694766716686,157.92689124013125,377,pv,/gpfs/loomis/project/kklee/jd848/pv+hf/30k/pv/r1-218/recal
138,126.65,30056,40275.19377441329,22287.539137735675,160,2.59,84.68008998580613,142.254694188627,280.83924676828116,73.10655894053232,140.72999816554182,236.93095763720788,91.46909403021289,138.82392091247016,230.31801401339322,418,pv,/gpfs/loomis/project/kklee/jd848/pv+hf/30k/pv/r1-126/recal
139,519.0,30056,1670.0692905535122,1092.537419596875,160,2.59,219.44952105072696,34.64449554769853,155.80081671540214,113.39916643117482,35.80891757287411,112.4018297352777,42.92252253368004,34.75174052224601,101.85975631103699,60,ppv,/gpfs/loomis/project/kklee/jd848/ppv/30k/r1-519/recal
