,vol,T,P(GPa),E(eV),N,sigma(eV),Est_all,Fst_all,Vst_all,Est_eq,Fst_eq,Vst_eq,Est_tr,Fst_tr,Vst_tr,Eaerr_test,Ferr_test,Verr_test,Verr_test(GPa),Eaerr_tr,Ferr_tr,Verr_tr,Verr_tr(GPa),Ndata,Ntrain,phase,path
0,1000.0,9980,118.76473727882473,-710.0785900566275,160,0.86,45.102232073396436,12.716959213775837,90.47636796755796,15.712232851791866,12.695459337050615,64.48613893028573,13.685928436338907,11.193300410355192,64.78616388516858,0.015660640150512845,1.1908240790701452,19.1781315696159,3.072675403146501,0.015660640150512845,1.1908240790701454,19.178131569615903,3.072675403146501,745,6,ppv,/gpfs/loomis/project/kklee/jd848/ppv/10k/r1-1000/recal/
1,519.0,9980,1497.195090538561,622.777959257,160,0.86,31.355234899952993,25.472935559443922,152.22972582973696,12.542020704893403,25.50595417378604,140.0682310938261,14.584917267802552,24.762554939849302,119.91518517775278,0.02577522961250476,0.9622905514669433,8.148818106366228,3.142272038718973,0.0173833012864093,0.9047757110500745,10.178897675343903,3.142272038718973,1000,25,ppv,/gpfs/loomis/project/kklee/jd848/ppv/10k/r1-519/recal/
2,1000.0,9980,116.76851004736655,-715.8763069515335,160,0.86,46.089937145227076,12.770629017070826,90.05645024848255,15.161007544114813,12.742950094817378,72.98035971222923,16.083473157228337,11.632443178084284,60.67385032975207,0.016120919476855795,1.1803609389446819,15.722995890263297,3.2059428897572984,0.029654697001817713,1.1977967376218854,20.009921803480722,3.2059428897572984,953,12,pv,/gpfs/loomis/project/kklee/jd848/pv+hf/10k/pv/r1-1000/recal/
3,519.0,9980,1515.415032145917,642.4392849730875,160,0.86,30.171876373155236,26.220909798695576,172.81525413616637,15.546388047085252,26.254240861129464,163.69454840082489,15.301435477445649,25.861102970708167,172.52443111474602,0.01861226610316715,0.9186599385120461,10.202658752554656,3.6825019930036618,0.010318263671630103,0.9068419699131697,11.928887923820717,3.6825019930036618,1000,25,pv,/gpfs/loomis/project/kklee/jd848/pv+hf/10k/pv/r1-519/recal/
4,218.85,9980,29766.688386665013,8948.813521518325,160,0.86,56.64868978172241,51.228411524914485,1284.0895721166594,19.99417339438517,51.55061997588648,758.3373572896418,22.339884082917628,50.77382682896788,714.979076065199,0.03721092498445172,4.647495870552112,58.237247374719594,31.87691342114282,0.054884671426532375,4.699418974454493,43.54240607214524,31.87691342114282,1000,25,pv,/gpfs/loomis/project/kklee/jd848/pv+hf/10k/pv/r1-218/recal/
5,126.65,9980,166079.72818967848,21675.447244741623,160,0.86,149.97542296172048,82.07305901731812,2949.766120196856,52.95580370620617,83.89834790314563,1702.1718993730183,55.404954387075854,82.94199306964762,1708.4394268203703,0.07996441770714531,9.201038129583353,86.02259153790524,68.32836563266028,0.1330712156041724,8.844218731379456,54.01269370074449,68.32836563266028,909,45,pv,/gpfs/loomis/project/kklee/jd848/pv+hf/10k/pv/r1-126/recal/
6,218.85,4990,30188.390609271333,8761.59625301605,160,0.43,49.68822099860922,36.36492948134318,553.7808955724252,41.31843437784084,36.51257805588509,513.5607931200697,53.79881185211814,35.65785150080354,483.9186766208223,0.0609401176991737,3.8506443032984805,31.948606455412552,22.03328847234121,0.04404057341567666,4.030157990890123,30.096464519399596,22.03328847234121,1000,25,pv,/gpfs/loomis/project/kklee/jd848/pv+hf/5k/4000g/r3-218/recal/
7,126.65,4990,165769.47713487252,21550.545791953635,160,0.43,82.94225579579745,57.59196894474482,2417.145408567512,38.16422356497129,59.383752488950364,1286.9831193703442,43.635753145192545,60.2450962991549,1488.8600861436191,0.04195562739958127,8.423444140775537,58.114666219427676,72.04033951747734,0.15446925064186057,8.496107793109402,56.94696128653249,72.04033951747734,942,23,pv,/gpfs/loomis/project/kklee/jd848/pv+hf/5k/4000g/r3-126/recal/
8,347.53,4990,6384.910261702564,3155.0098988170125,160,0.43,20.992336197702425,25.220764853599665,403.43735278709096,11.638876445476999,25.774974917281043,242.9554017308963,14.266754833985313,25.144758510624516,274.96578796634844,0.015017064633664414,1.672644708207434,13.701771904126304,7.7593842154951345,0.02705913819481027,1.6251626405614628,16.830970826827734,7.7593842154951345,1000,25,pv,/gpfs/loomis/project/kklee/jd848/pv+hf/5k/4000g/r1-347/recal/
9,218.85,4990,29524.840716323546,8857.374304127625,160,0.43,70.92800322703772,34.90289024782468,1359.5124338629728,22.175377778469358,35.89164886457298,579.4078073013768,29.9519924166857,34.279228532504604,560.3891423820351,0.031817895597301644,4.303629084235989,40.0029715735773,24.16333259129917,0.04840691474691251,4.254373332961141,33.00600738366375,24.16333259129917,1000,25,pv,/gpfs/loomis/project/kklee/jd848/pv+hf/5k/4000g/r1-218/recal/
10,126.65,4990,165060.7512545195,21524.850774912276,160,0.43,153.64782685800012,57.00239572865292,3242.013899182283,28.80956912088349,59.58471086144589,1514.2051989334423,36.43371582945924,58.874733284939886,1598.0436360751833,0.07339982234533694,8.775061792160274,94.27548796355376,65.5404954253249,0.07650340657049072,7.856418155242657,51.80891817952434,65.5404954253249,1000,25,pv,/gpfs/loomis/project/kklee/jd848/pv+hf/5k/4000g/r1-126/recal/
11,347.53,1044,6222.399286502102,3042.9860460699,160,0.09,26.70272860697276,10.786653116280709,680.9743096513037,12.188847215496413,11.418993625035746,145.95838461987256,10.978673913690827,10.885454241876026,136.34581600744892,0.03383015356909928,2.3707449332541026,28.880460633254604,10.087015557364175,0.029736508255307898,2.285725551641421,21.8798631258293,10.087015557364175,1000,25,pv,/gpfs/loomis/project/kklee/jd848/pv+hf/1k-solid/r1-347/recal/
12,218.85,1044,30002.47597208788,8811.852133714687,160,0.09,66.42033092049472,19.048758872200555,1226.9333806371137,31.652002702662383,19.99515520829719,255.21810713007747,20.473791045225845,15.099174702320482,186.99010606545158,0.015914558094794376,2.4496717572536957,15.812921252294114,16.152713844765227,0.02846467375486647,2.6129169241114556,22.063868483873897,16.152713844765227,1000,25,pv,/gpfs/loomis/project/kklee/jd848/pv+hf/1k-solid/r1-218/recal/
13,126.65,9980,168919.11062177952,21637.079507243543,160,0.86,71.07900746006518,85.49628942365686,2341.2832784266934,38.23230926105453,86.21144235317631,1920.0446303665008,39.615602121731186,86.66917557323373,1884.5928151161038,0.037474873766227004,8.761948486664158,71.69600832654993,78.59298621008254,0.06435491006864938,8.296595617570791,62.126744169670985,78.59298621008254,2000,50,pv,/gpfs/loomis/project/kklee/jd848/pv+hf/10k/r3-0.5-10k/recal/
14,218.85,9980,30295.699346888683,8875.980817850528,160,0.86,24.548088842244677,52.45323161213197,632.0692400623008,22.007278258221167,52.67528448366608,620.7793151478738,25.546831290535064,49.928232771473574,620.6237850359234,0.04666860655124698,4.2640201791918395,37.32078614914244,21.78208392579539,0.03564305082232315,4.23705272009392,29.753330595849377,21.78208392579539,875,21,pv,/gpfs/loomis/project/kklee/jd848/pv+hf/10k/r3-0.6-10k/recal/
15,347.53,9980,6336.7283667824195,3190.3526196249877,160,0.86,16.05901012104309,35.36895982186174,351.0576204239771,15.93457772958438,35.29108521701156,359.52910248628336,16.7886507091519,34.489355250153814,351.5628089764835,0.0195944895892085,2.549794940238575,24.556421998773594,10.80984276902014,0.029104360590631474,2.4907951945363456,23.44775606350908,10.80984276902014,2000,50,pv,/gpfs/loomis/project/kklee/jd848/pv+hf/10k/r3-0.7-10k/recal/
16,1000.0,9980,118.53473903017577,-717.2412150269859,160,0.86,29.640023025834324,12.717832887423501,84.57501734697563,14.426928566925634,12.805266906270498,65.90411541356069,16.97459766641445,11.988189849437022,67.15576987514392,0.014767169589500908,1.1906682084989813,13.54942674737613,2.1708574759888224,0.014767169589500908,1.1906682084989813,13.549426747376131,2.1708574759888224,796,9,pv,/gpfs/loomis/project/kklee/jd848/pv+hf/10k/r3-1000/recal/
17,4000.0,9980,2.3449193071338175,-849.1094167602631,160,0.86,29.198999833044073,6.447269608851899,24.96764087703131,12.216282805709,6.726175314192818,10.573511006482233,12.426788864400182,6.695201633991207,10.992455254344403,0.004732447721760025,1.0000333541534638,15.529110827638775,0.45196310104429804,0.026409130419445925,0.8127602230310604,11.283727278921933,0.45196310104429804,94,5,ppv,/gpfs/loomis/project/kklee/jd848/ppv/10k/r1-4000/recal/
18,4000.0,9980,2.3164532362037153,-838.7150486232954,160,0.86,25.358648029127327,6.299687212559205,25.424907284700918,10.486189925644135,6.583437586222741,10.336399796560913,9.333890193724116,4.058000987996112,6.690893422283474,0.08534415942467391,0.8025271551007941,11.946042228522838,0.312662370749144,0.05895687640256837,0.7599147132453379,7.805940161404307,0.312662370749144,110,5,pv,/gpfs/loomis/project/kklee/jd848/pv+hf/10k/pv/r1-4000/recal/
19,347.53,4990,6256.485373611333,3079.6024618580377,160,0.43,14.867204939030916,25.07766194316409,227.81504757166695,7.85212764678137,25.14993938617594,222.7322490546536,12.659686044179484,24.44532986943476,201.5506091900844,0.020208015445900708,2.347059876695784,25.137360766667246,9.142205801086684,0.030104440313163,2.2203185342939995,19.83046526084757,9.142205801086684,1000,25,pv,/gpfs/loomis/project/kklee/jd848/pv+hf/5k/4000g/r3-347/recal/
20,4000.0,9980,2.5438425915943466,-826.4437925486666,160,0.86,34.26291792454486,6.465380638755185,23.96466900606336,13.119436071790625,6.696421739540838,9.96138574028981,20.635716777028396,5.688177124067951,13.677783543440222,0.041176833964212275,1.114763774335364,14.310448590982276,0.326694857408597,0.037142742650650186,0.8136994291943555,8.156275735579552,0.326694857408597,93,5,pv,/gpfs/loomis/project/kklee/jd848/pv+hf/10k/r3-4000/recal/
