,vol,T,P(GPa),E(eV),N,sigma(eV),Est_all,Fst_all,Vst_all,Est_eq,Fst_eq,Vst_eq,Est_tr,Fst_tr,Vst_tr,Eaerr_test,Ferr_test,Verr_test,Verr_test(GPa),Eaerr_tr,Ferr_tr,Verr_tr,Verr_tr(GPa),Ndata,Ntrain,phase,path
0,2100.0,1044,3.9497842010707007,-1145.3102044247346,160,0.09,16.354594622193396,3.0441222675174204,23.922443321262705,2.964145368608613,3.16544072128623,14.367968980131973,4.899964381858283,3.075910383166118,14.163730939564253,0.05474683789732698,0.4119287341131728,5.235114250565867,0.4799262864806162,0.04105071079480731,0.4412552197419842,6.2904750233220605,0.4799262864806162,894,44,pv,/gpfs/loomis/project/kklee/jd848/pv+hf/1k/r1-2100/recal
1,939.1,1044,191.28416012629486,-921.75185041245,160,0.08617330299999999,18.020580036198403,4.7295235862668985,26.5291041223981,9.9013705746388,4.792503246635262,22.30546077565818,10.050049117452405,4.377812794543009,21.97645610886352,0.02124610193480967,0.6947872189436212,7.862321519930326,1.53966956777206,0.022285402126308824,0.7315347871463187,9.024621083116116,1.53966956777206,1000,50,pv,/gpfs/loomis/project/kklee/jd848/pv+hf/1k/r1-939/recal
2,2100.0,1044,-0.7611806845981255,-1141.794064095175,160,0.09,20.302584168201175,2.8257126095338654,41.55331101946585,3.7326643516517963,2.919547607627459,15.92464596266197,3.882061806762123,2.9170000481377,16.58228550559422,0.04420729218569026,0.3999711627874742,5.677720805340013,0.45026564012079745,0.018705709942308746,0.42329714421360276,5.90170791395981,0.45026564012079745,1000,50,pv,/gpfs/loomis/project/kklee/jd848/pv+hf/1k-solid/r1-2100/recal
3,939.1,1044,168.43745330969062,-1012.0980574834501,160,0.08617330299999999,6.026288149778381,4.368379486939206,20.844379973130806,5.907698789971679,4.407986655716397,19.435214553211058,6.3815869355855215,4.4657811634630695,19.610534816767693,0.006168775402521341,0.23444899724840712,3.95552288910527,0.8147421800539278,0.003082515713660347,0.22721530377367413,4.775530808248851,0.8147421800539278,1000,25,pv,/gpfs/loomis/project/kklee/jd848/pv+hf/1k-solid/r1-939/recal
4,518.76,1044,1400.5703745547366,457.39972427102504,160,0.08617330299999999,17.73736507891026,8.109182050567059,39.8780878242705,16.492217173498368,8.259381516125517,24.87793256180739,16.55217639263902,7.520476912920853,27.31559570466792,0.01606122338823609,0.3061695620253916,5.245511355199426,1.8854027350563098,0.015253845823854676,0.28442545313903994,6.104642335558735,1.8854027350563098,1000,25,pv,/gpfs/loomis/project/kklee/jd848/pv+hf/1k-solid/r1-518/recal
5,2400.0,3017,-0.24877730979227586,-1072.7124468605193,160,0.258519909,4.949513435234956,5.293090295512439,20.9447689623515,4.200830358552729,5.297644205959897,19.858850494035245,4.6408840038007995,5.017740380624912,25.33201018101747,0.005776198930208028,0.5569154774788749,6.824680622974853,0.42591568434686866,0.0024791710650043735,0.5873372879948318,6.380055913698706,0.42591568434686866,192,9,pv,/gpfs/loomis/project/kklee/jd848/pv+hf/3k/solid0/r3/cont1/recal
6,1273.0,3017,30.68051270028387,-1112.2429808273437,160,0.258519909,7.094164588948429,5.437980490384499,14.005548389745007,3.9728301613068364,5.460358575081179,12.19893325579332,3.6652764538380587,5.411631101659277,12.464151177630722,0.006045032438782422,0.32235752310065574,3.97124160222565,0.5043128451521706,0.005732661116416108,0.32711710488979323,4.006988015829079,0.5043128451521706,4000,100,pv,/gpfs/loomis/project/kklee/jd848/pv+hf/3k/solid1/r1-k111/recal
7,1273.0,3017,63.50039960196241,-1059.442863665585,160,0.258519909,18.31708010445711,5.897630151137425,25.976925764835368,5.3337273112456565,5.915310631494039,23.50775248716978,5.188586450743103,5.933803616503682,23.44519508774029,0.011767045040079038,0.4826813916072082,6.03973209911768,0.7452511491991785,0.012423042867113246,0.4767961598292069,5.921349123524511,0.7452511491991785,5000,250,pv,/gpfs/loomis/project/kklee/jd848/pv+hf/3k/solid1/r3-3k/recal
8,1195.07,3017,49.91524620009806,-1103.5472277943688,160,0.258519909,7.341197093616467,5.825566652892488,13.175054895487094,3.9027614283246015,5.844098315982107,11.644227462749637,4.099108148933255,5.820699007779654,12.141273776024457,0.0036864813236292342,0.30839925912880756,3.704595379998175,0.490969984460128,0.0033855212985430183,0.3036162159112932,3.662164905613165,0.490969984460128,4000,100,pv,/gpfs/loomis/project/kklee/jd848/pv+hf/3k/solid2/r1-k111/recal
9,1195.07,3017,68.35097629661001,-1046.598630079486,160,0.258519909,4.311472915155993,6.149660538773672,22.50861932200741,4.149120172771598,6.16405306303325,21.4980515732688,4.361609880312205,6.1070661215228315,21.030137181805685,0.007745586248583842,0.4350383533357398,5.760125687681972,0.7035287271045854,0.007172850531538802,0.4355336681376685,5.247649135468378,0.7035287271045854,8000,200,pv,/gpfs/loomis/project/kklee/jd848/pv+hf/3k/solid2/r4-3k-re/recal
10,1078.16,3017,92.66785247400873,-1068.7337568920154,160,0.258519909,4.189751310440448,6.584300569192246,12.736684191415995,3.947916645711793,6.582406245525399,12.347540997538095,3.8216814182836925,6.488381968014639,11.987515592056015,0.004525076582110004,0.28193577570788325,3.7343268178229683,0.5446501460786417,0.0047456126859410485,0.2834691457228728,3.665138998239391,0.5446501460786417,4000,100,pv,/gpfs/loomis/project/kklee/jd848/pv+hf/3k/solid3/r1/cont2/recal
11,1078.16,3017,110.02317251469044,-996.2701689036453,160,0.258519909,4.667142413497923,6.764588085759682,24.11063215584304,4.229572044023271,6.758396056027782,22.997805127273544,4.096105976367632,6.749742719528516,22.421610578499553,0.006578108818270231,0.4634302145012994,6.050427456850027,0.9439433650941723,0.006212981204863322,0.45745235944318735,6.3521210164817115,0.9439433650941723,8000,200,pv,/gpfs/loomis/project/kklee/jd848/pv+hf/3k/solid3/r3/recal
12,1013.21,3017,128.5655244079966,-1033.17494377412,160,0.258519909,4.1219141235020675,7.127654934290565,13.120546813586998,4.169580243327899,7.103632247658712,13.131576585337587,4.400334236437352,6.993133777712787,13.288838923064008,0.004470597752555138,0.276563118138004,3.8598514423852226,0.592327786444683,0.004815035182986167,0.2765661446049588,3.7458569093583995,0.592327786444683,5000,125,pv,/gpfs/loomis/project/kklee/jd848/pv+hf/3k/solid4/r1/cont1/recal
13,1013.21,3017,141.9612303387984,-958.3526346010485,160,0.258519909,5.9371863749612555,7.1289013411128845,26.781565724659224,4.844395409995625,7.136549315513906,23.610973568162876,5.000768006259169,7.095344589773921,24.53200950378255,0.006628526313700932,0.4772667333819717,6.717165882215914,1.028344484051492,0.005927159989106042,0.47207164862616335,6.503208829533135,1.028344484051492,8000,200,pv,/gpfs/loomis/project/kklee/jd848/pv+hf/3k/solid4/r3/cont1/recal
14,518.76,3017,1361.5463718030533,530.8505268760833,160,0.26,5.376451437638785,13.321189600428177,39.40102017136653,4.334332487481127,13.342498693735804,37.11325978440794,6.549402083676847,13.295250572254679,38.00210206216436,0.013588279286464175,0.9098337928429379,7.91075699563363,2.6695327066131833,0.012982744640049245,0.9148401452001738,8.643533858278198,2.6695327066131833,6000,150,pv,/gpfs/loomis/project/kklee/jd848/pv+hf/3k/300g/r3-0.8/recal
15,738.63,3017,452.2798437597988,-550.6152845059646,160,0.258519909,4.878771875773248,9.447598070936587,23.901809586910247,4.212599424451146,9.45872273507875,23.75946982484458,4.662040691559038,9.392740692550085,23.17028549968204,0.00797896579447039,0.6084925849254623,6.304449347584855,1.3762681316669503,0.008763883695825838,0.6059154942476189,6.344824390119821,1.3762681316669503,6000,150,pv,/gpfs/loomis/project/kklee/jd848/pv+hf/3k/300g/r3-0.9/recal
16,868.7,3017,257.7754977845091,-801.647669387825,160,0.258519909,4.582263459355263,8.065281519962463,22.97345474611195,4.166388419759914,8.072337264861774,22.841409167969232,3.8723530322092636,8.019595852339569,23.269374648083385,0.009177471740825826,0.5661074999992877,9.967357303602435,1.7719112449626861,0.008781513861968787,0.5659727483748298,9.607300958682705,1.7719112449626861,6000,150,pv,/gpfs/loomis/project/kklee/jd848/pv+hf/3k/300g/r3-0.95/recal
17,939.1,3017,195.0890569863202,-893.198707905473,160,0.258519909,4.970171848939024,7.561415181104999,25.50019675371707,4.073245658843902,7.585007516252399,24.40316726432508,4.442921486314193,7.547836935591214,24.2776592078856,0.006461675154942725,0.5132224324832494,7.880113512125712,1.3435666401434758,0.007118936083947801,0.5102122714007095,7.875183143845424,1.3435666401434758,6000,150,pv,/gpfs/loomis/project/kklee/jd848/pv+hf/3k/300g/r3-0.975/recal
18,1013.21,3017,128.30397087697298,-1032.7578093532625,160,0.258519909,14.878101980554696,6.919684451952792,16.44345259521424,7.2985879137449965,6.966864809184793,13.041148098251735,8.030663836040027,6.932904603525319,12.921604890481813,0.003266974001792184,0.25554910400770814,3.0279801970756974,0.7051391262280717,0.004746379133011195,0.2991671947448403,4.459271248938853,0.7051391262280717,1000,25,pv,/gpfs/loomis/project/kklee/jd848/pv+hf/3k/300g/r1-1013/recal
19,738.63,3017,459.42018865970965,-624.344359090101,160,0.258519909,16.88103048709677,9.111969453897826,59.44461089453534,17.06253310841743,9.353041120141782,57.63595871998194,17.359587457542048,6.808564701685495,89.11909314596954,0.007906658060777972,0.3793876184776316,13.781548266568981,3.0948687712787133,0.023552010460219992,0.2974560828730877,14.267858429916217,3.0948687712787133,123,3,pv,/gpfs/loomis/project/kklee/jd848/pv+hf/3k/300g/r1-738/recal
20,518.76,3017,1414.094879027639,485.12502283284994,160,0.258519909,12.403659965263788,13.548397047563336,44.93857191112694,8.635511918332007,13.773985625096508,28.640819663276467,8.365336023104268,13.145428029393196,33.71612500116865,0.008483924075454067,0.43840211370613064,7.432142878015415,1.5400525134992986,0.013239313520846637,0.45401315952246724,4.986451752766059,1.5400525134992986,1000,25,pv,/gpfs/loomis/project/kklee/jd848/pv+hf/3k/300g/r1-518/recal
21,1488.78,3946,28.843348066835752,-1054.9803857134916,160,0.34469321199999997,6.443795536007407,6.229552468966257,25.08237312497988,6.393069766684446,6.226034845511581,24.96942858017452,6.363059763301534,6.194106185587787,24.921723043713907,0.012545390591885017,0.5415919815429227,7.137143432132866,0.7232615251458531,0.014826167511613933,0.5358611530376931,6.7207153033414375,0.7232615251458531,6000,217,pv,/gpfs/loomis/project/kklee/jd848/pv+hf/4k/25g/r3-4k/cont1/recal
22,1078.16,3946,116.52377966036532,-975.8447512411708,160,0.34469321199999997,6.935022055917417,7.739232649791236,26.57644666474729,6.118561977463226,7.751718544036507,25.646684066383315,6.078132406893352,7.7694428577213595,26.421786720317815,0.008174291053523785,0.48650138543042676,6.75764355386044,0.9874921778579463,0.007601518480363771,0.48959908070455305,6.645176022776498,0.9874921778579463,6000,300,pv,/gpfs/loomis/project/kklee/jd848/pv+hf/4k/100g/r3/recal
23,1013.21,3946,149.94907417998212,-931.4076809677272,160,0.34469321199999997,7.7234569107210715,8.198281525085207,29.648270824105747,6.505116140952943,8.223020941894642,28.743125250152197,6.840935844525849,8.213031316138718,28.340050512428224,0.008779677334081755,0.518193013136628,7.297341696084375,1.1121990629514726,0.00990179583633472,0.5143894284915707,7.033501787152414,1.1121990629514726,6000,300,pv,/gpfs/loomis/project/kklee/jd848/pv+hf/4k/140g/r3-4k/cont1/recal
24,1195.07,3946,75.74485114953943,-1017.9263399370782,160,0.34469321199999997,6.570840463900331,7.120140115445706,27.46864174035571,6.42400362342132,7.1199829808947195,26.523264469568037,6.378231309321608,7.108522586430355,26.704596636614934,0.006976599262152194,0.50549795295416,6.560845626935985,0.830752884274923,0.00780375549676751,0.48832022069288983,6.196619252343744,0.830752884274923,5741,287,pv,/gpfs/loomis/project/kklee/jd848/pv+hf/4k/60g/r3/recal
25,1488.78,3946,28.863730644462343,-1051.6377559103666,160,0.34469321199999997,8.124662564019651,6.212416885949595,24.558144548715624,8.039472388408186,6.227171072298608,24.189569098601485,8.604104710959696,6.211993784764431,24.310747517231672,0.011406269924221179,0.5481988435340938,6.7779905177641,0.7056966692549146,0.01228172847323321,0.563744675826502,6.557498552991816,0.7056966692549146,3000,150,pv,/gpfs/loomis/project/kklee/jd848/pv+hf/4k/25g/r1-0.99/cont1/recal
26,1195.07,3946,58.19092105987869,-1081.5881546104051,160,0.34469321199999997,5.463775750468118,6.882413599408843,15.124440720789046,5.457684537682867,6.891598867184517,15.331075845092409,5.965421317940275,6.868752501228752,15.931118713021748,0.00518858094800664,0.35036707395839634,4.248396062390242,0.5379202523472901,0.00504806539304733,0.34754764799404375,4.01236884639901,0.5379202523472901,5000,125,pv,/gpfs/loomis/project/kklee/jd848/pv+hf/4k/60g/r1/cont1/recal
27,1078.16,3946,101.64161433358429,-1047.0922764797624,160,0.34469321199999997,5.138861750287628,7.702938550305129,15.587542154658964,5.300436220245614,7.684375126770764,15.61392816362053,5.010982519027313,7.655141286585487,14.575287457381437,0.005670119746006622,0.3299578329571684,4.22565591965411,0.6321527753858567,0.005757573902596935,0.33037006575505956,4.253974421182712,0.6321527753858567,5000,125,pv,/gpfs/loomis/project/kklee/jd848/pv+hf/4k/100g/r1/cont1/recal
28,1013.21,3946,138.09730626919097,-1008.087415703505,160,0.34469321199999997,6.234481932423245,8.290194649460586,19.13179171050228,5.594756126330526,8.262302952298304,17.982827697773498,6.772569418613875,8.253276294022827,19.78025281591713,0.0045813380088437616,0.34328077847494287,4.857357745625684,0.6913590467744022,0.004258288826560337,0.3381996803031432,4.372126585098476,0.6913590467744022,5000,125,pv,/gpfs/loomis/project/kklee/jd848/pv+hf/4k/140g/r1-0.78/re2/recal
29,738.63,3946,458.93963420758365,-528.6970457204292,160,0.34469321199999997,5.4256693547947235,10.978936079760551,28.268604277387205,5.557588984983857,10.982610811135915,28.625105514384945,5.607552361670626,10.875457041084525,28.701646962883366,0.010159793664507954,0.6420553749380294,7.498769556112481,1.5301023530332478,0.008412244198135282,0.6443882585706111,7.054025669508433,1.5301023530332478,6000,150,pv,/gpfs/loomis/project/kklee/jd848/pv+hf/4k/300g/r3-0.9/recal
30,939.1,3946,200.5537443786972,-867.2133320804209,160,0.34469321199999997,6.102102334284577,8.779053755169786,33.921794112235915,5.644815634553586,8.791411851223705,32.263357149172016,5.130682696734171,8.756647970950413,32.37245529615599,0.00870040991935578,0.5495436826736103,8.457493226612822,1.420199254310547,0.009246340670713907,0.5537633544199487,8.32435764202505,1.420199254310547,6000,300,pv,/gpfs/loomis/project/kklee/jd848/pv+hf/4k/300g/r3-0.975/recal
31,868.7,3946,263.4370222306513,-778.1742359031167,160,0.34469321199999997,6.338503474882591,9.358101102874196,29.850984817691064,6.226136089308495,9.346834854142228,29.58566840119863,6.28502978324489,9.340521200476195,30.37379502225361,0.008763190615456651,0.6210478120208899,9.886024976215253,1.811164655257898,0.009109809080753505,0.6181362709589077,9.820132909172806,1.811164655257898,6000,150,pv,/gpfs/loomis/project/kklee/jd848/pv+hf/4k/300g/r3-0.95/recal
32,518.76,3946,1369.4569675893995,552.1579915729917,160,0.34469321199999997,6.641629999977988,15.413196687041832,45.1969640493087,5.726828102678229,15.445124604605148,47.367670831391855,5.417628421283996,15.384683603978148,47.10334066765906,0.015773094926841254,0.9964467322686488,10.056181502611075,3.2258733835423623,0.017174078836074774,0.9708008187614672,10.444878889886969,3.2258733835423623,6000,150,pv,/gpfs/loomis/project/kklee/jd848/pv+hf/4k/300g/r3-0.8/recal
33,1013.21,3946,135.95781048377881,-1010.9193142227625,160,0.34469321199999997,18.99140094759261,8.055068615608354,20.981189832234676,8.110800757038982,8.09763444260233,16.524003730700194,7.49230962567319,7.7165925351718565,18.72769642698177,0.006015846772087779,0.31215987780742127,4.1771502275499355,0.6643478112415477,0.005494602625339249,0.3350696318783285,4.2013086265854005,0.6643478112415477,1000,25,pv,/gpfs/loomis/project/kklee/jd848/pv+hf/4k/300g/r1-1013/recal
34,738.63,3946,471.64618183746717,-604.428024412225,160,0.34469321199999997,16.01260245465882,11.425738688398416,32.54451812261825,12.173581012184144,11.52559303537402,24.873072640443205,16.919662181500087,11.110474525712688,29.206539940933126,0.0031057691912071287,0.4292625887268135,8.526573641442871,1.398627231189229,0.0064627970441346145,0.4133792394899821,6.447903547971308,1.398627231189229,1000,25,pv,/gpfs/loomis/project/kklee/jd848/pv+hf/4k/300g/r1-738/recal
35,518.76,3946,1425.5363373510681,506.13050840578757,160,0.34469321199999997,10.404369375261394,15.991063845651597,47.33405663658176,7.273987613402362,16.246429115093317,31.96529422257653,8.162888236804715,15.8993520025021,39.08580576831401,0.009240012250858111,0.49677997998657614,5.599679125572453,2.2856525874728657,0.011137471621375471,0.5212111755160611,7.400589428682193,2.2856525874728657,1000,25,pv,/gpfs/loomis/project/kklee/jd848/pv+hf/4k/300g/r1-518/recal
36,2900.0,4990,0.4565573543139396,-979.8499250338663,160,0.43,25.443105167592726,5.98634556498056,29.35431799278866,22.43758422394116,6.017963608925899,25.14512965406977,7.454186019666087,5.965850290186047,24.072322659147957,0.016103615246327807,0.6521775555695939,9.956658867254442,0.46960869410701445,0.02087521979134164,0.6710156723953664,8.500094154602845,0.46960869410701445,766,35,pv,/gpfs/loomis/project/kklee/jd848/pv+hf/5k/0g/r3/recal
37,1195.07,4990,84.22859920539724,-978.7898335040145,160,0.430866515,8.561818505014218,7.967657555421887,30.99739850021005,8.636613221015754,7.946932172350293,31.187923016304513,8.697545494310551,7.959691461118751,30.67603025328897,0.01408020286067214,0.6014198479340215,7.649383834104548,0.9764949804920199,0.014454328474690133,0.6028051423567499,7.28371542304681,0.9764949804920199,6000,300,pv,/gpfs/loomis/project/kklee/jd848/pv+hf/5k/60g/r3/cont3/recal
38,1195.07,4990,65.71651427364576,-1058.066813666797,160,0.430866515,6.936615302721447,7.762255949286754,19.470182675497636,7.101289285885211,7.768289709021695,19.538723983030415,5.482774612576938,7.680678853381269,17.870982302305613,0.003573423664072141,0.38614854561854545,4.397964514061884,0.6375667000577128,0.00598183758987756,0.3865265395341501,4.755635716725912,0.6375667000577128,2204,55,pv,/gpfs/loomis/project/kklee/jd848/pv+hf/5k/60g/r1/cont2/recal
39,1078.16,4990,109.01329321277454,-1024.13895121832,160,0.430866515,7.191131843495758,8.6849540853887,19.256601032899688,7.441700131551224,8.709157026494683,19.689773267989573,7.569662333048048,8.578865955280389,19.19544715994747,0.012361072130535652,0.3624711197906557,3.370114472691024,0.6421248318111584,0.008300209978560052,0.37865890286284765,4.321079834006267,0.6421248318111584,2351,58,pv,/gpfs/loomis/project/kklee/jd848/pv+hf/5k/100g/r1/cont2/recal
40,1078.16,4990,127.98133673104775,-934.050277710921,160,0.430866515,7.786800619406263,8.734777606051473,33.53525246618073,7.89919435924638,8.736711019201735,32.96941143361199,7.9800500115499675,8.739235866050631,32.56720640029536,0.014138224189542655,0.5994729917834861,8.044221348593569,1.0911750406533927,0.013710813405111563,0.597728678277259,7.34289382679564,1.0911750406533927,6000,300,pv,/gpfs/loomis/project/kklee/jd848/pv+hf/5k/100g/r3/cont3/recal
41,1013.21,4990,143.7572522282975,-989.30673315867,160,0.430866515,6.722079484065828,9.306057915104088,18.751781699652298,6.9871811837943305,9.267524563139512,18.83842822089453,6.439623895826928,9.078211989962496,19.4196895677141,0.010741903305963264,0.40853773781802044,3.636512640625327,0.7909696822394686,0.009372870029017088,0.3842162955226115,5.002060205707453,0.7909696822394686,2500,62,pv,/gpfs/loomis/project/kklee/jd848/pv+hf/5k/140g/r1/cont2/recal
42,1013.21,4990,159.82829203695474,-897.7286027764563,160,0.430866515,8.205237926300242,9.148763992764668,32.349729834782835,8.153953122046602,9.13575172998759,32.24234073475685,8.044510357564468,9.121136624831776,33.14776316820237,0.01006495260284446,0.5886579991624118,8.09524151203476,1.2334296864573504,0.01121316268173403,0.594675410819225,7.8001593356882175,1.2334296864573504,6000,300,pv,/gpfs/loomis/project/kklee/jd848/pv+hf/5k/140g/r3/cont3/recal
43,518.76,4990,1377.3423724843526,577.186700609375,160,0.430866515,17.169253451093535,17.262955838177522,51.37292140418778,7.35614268363164,17.286151549444543,42.77608565452708,8.963841014118797,17.18937401634066,44.56683600358173,0.02888280235746592,1.6390698398491,11.420571451465285,3.5913957116489885,0.027299383011120844,1.1123955495417683,11.628383632540828,3.5913957116489885,4279,106,pv,/gpfs/loomis/project/kklee/jd848/pv+hf/5k/300g/r3-0.8/recal
44,738.63,4990,471.55992833342725,-499.858982872423,160,0.430866515,10.653871887614157,12.283925681410448,40.96910365165419,8.708112435981569,12.30054715090568,36.94369699518053,8.437738263994438,12.17208414066459,37.183557370430364,0.017508103700955815,0.7192224929739222,9.720729987425342,2.0050006314142887,0.01419554136502934,0.710859116513506,9.24338551165517,2.0050006314142887,6000,150,pv,/gpfs/loomis/project/kklee/jd848/pv+hf/5k/300g/r3-0.9/recal
45,868.7,4990,272.88426167518764,-754.195862658275,160,0.430866515,8.199900535093045,10.552937435855066,35.48112670910526,8.051297166718745,10.550423527509233,35.29865081496169,7.991321037316812,10.472710334155492,35.17327638460832,0.008555347976520132,0.6789886635051654,10.552835993339176,1.897323180334091,0.011437501498559948,0.6723558059301599,10.28728434405217,1.897323180334091,6000,300,pv,/gpfs/loomis/project/kklee/jd848/pv+hf/5k/300g/r3-0.95/recal
46,939.1,4990,207.766857034575,-834.6542379299417,160,0.430866515,9.235136172956615,9.804448522608306,34.06416231676441,8.667704683983166,9.826676014935275,34.1237874507968,8.237427132835982,9.814341391108247,34.81557478256214,0.010925488125567852,0.6143283757376985,9.51127798437482,1.5904223180019694,0.011684041309543876,0.6226245538433449,9.322103315238,1.5904223180019694,6000,300,pv,/gpfs/loomis/project/kklee/jd848/pv+hf/5k/300g/r3-0.975/recal
47,1013.21,4990,143.87682129992393,-988.8928752949001,160,0.430866515,23.384693012862215,9.218894012689871,25.91604182277693,9.70985731826609,9.273976779422414,20.353167084399143,10.259321481964275,9.382006789543787,23.16721694352838,0.008936999981475149,0.3947932442785959,4.002601801086621,0.8907538154767235,0.013093152058564275,0.4086586963127383,5.633091019194399,0.8907538154767235,1000,25,pv,/gpfs/loomis/project/kklee/jd848/pv+hf/5k/300g/r1-1013/recal
48,738.63,4990,480.776148327508,-582.4427244871374,160,0.430866515,20.33127327941126,12.813883254993845,35.95208328608651,13.613231762156882,12.89084128856482,30.4659202422817,11.19708566181695,12.531150759610304,31.02062724869964,0.017438784101139457,0.4365359106523453,6.1630032938392985,1.4369736330913867,0.020014679798984133,0.47375990459999107,6.624686821858106,1.4369736330913867,1000,25,pv,/gpfs/loomis/project/kklee/jd848/pv+hf/5k/300g/r1-738/recal
49,518.76,4990,1437.5460557940876,527.9058479703125,160,0.430866515,8.353191288817683,18.24316811158057,49.815101410494336,5.248080079570408,18.556511318309227,35.35159416436488,6.47900612461776,18.157721887572816,29.736122069465313,0.006295726465045386,0.5417562068626579,5.153579050952782,1.88651124314454,0.010115472370934537,0.5832657939156527,6.1082315132335605,1.88651124314454,1000,25,pv,/gpfs/loomis/project/kklee/jd848/pv+hf/5k/300g/r1-518/recal
50,738.63,1044,431.0611389318995,-662.9721451021625,160,0.08617330299999999,3.5887225348475265,5.662075899501406,26.853960140296802,3.229932721509748,5.631114010949129,24.500694350169496,3.241924013140402,5.843602852280449,32.49884725476209,0.02121039084615328,0.23505475882827162,5.473009404599101,1.3496899753015097,0.02269832301816663,0.22335824397521556,6.222294680340365,1.3496899753015097,1000,25,ppv,/gpfs/loomis/project/kklee/jd848/ppv/1k/r1-738/recal
51,518.76,1044,1377.981173016779,428.13409177076255,160,0.08617330299999999,6.78189015352199,8.043793913130232,47.53568376793157,5.866031552527781,7.875247654879046,42.2140250266453,5.7065121052755385,7.441796223800677,40.19495221013776,0.003510190414722129,0.2336200664126377,7.325995570593103,2.239341853236128,0.0036298262699070495,0.24099066428876612,7.2506424366916695,2.239341853236128,1000,25,ppv,/gpfs/loomis/project/kklee/jd848/ppv/1k/r1-518/recal
52,1078.16,1044,74.0874173704731,-1085.3525334442875,160,0.08617330299999999,4.256740716815197,3.517171018753499,9.296802459511573,2.126446023383058,3.5246554284715073,7.879524304410158,1.9737263159349834,3.518227214259557,7.135661977983052,0.006281043121640177,0.2080829566085431,2.861760313551261,0.6723269498819139,0.005326994377645597,0.2052202546108693,4.524320320706831,0.6723269498819139,1000,25,ppv,/gpfs/loomis/project/kklee/jd848/ppv/1k/r1-1078/recal
53,939.1,1044,158.50765121710987,-994.3693895472124,160,0.08617330299999999,4.4448145670172154,4.134273364417829,11.174988154045407,3.212160280921192,4.1343170562401665,8.60874934451372,2.741433064288181,4.169264459222363,8.469516082450024,0.011652251614066772,0.211067294392322,4.53870352701589,0.9016172996827048,0.011660182724758909,0.21563732331806817,5.284740740438772,0.9016172996827048,1000,25,ppv,/gpfs/loomis/project/kklee/jd848/ppv/1k/r1-939/recal
54,1500.0,1044,5.941488782314266,-1125.94514261755,160,0.08617330299999999,5.645115389389295,2.875951151047521,48.29073171673677,4.342618851415279,2.94548539092438,33.99642192888974,2.572045281979513,2.984398021280685,38.33763684502925,0.009129953810603707,0.35624769545397883,4.886795516069194,0.653813056979321,0.009499398555143352,0.34130641514034854,6.121170242637095,0.653813056979321,1000,50,ppv,/gpfs/loomis/project/kklee/jd848/ppv/1k/r1-1500/recal
55,518.76,1973,1389.5757517411557,449.0318730211875,160,0.17234660599999999,5.189354055105529,11.587523400508191,48.99051446981584,3.819473741880038,11.41553949850104,38.04071231768757,5.007013152718903,11.589074683706421,51.35109583363083,0.007949055824878376,0.31550065979191416,5.9571329733270915,1.5709547961978116,0.0055638035650182075,0.3076948613542259,5.086508562761677,1.5709547961978116,1000,25,ppv,/gpfs/loomis/project/kklee/jd848/ppv/2k/r1-518/recal
56,738.63,1973,442.36280587815827,-637.6242368880487,160,0.17234660599999999,15.04312542953779,8.25754857296298,37.12292175803512,14.816348145290425,8.510544307022652,36.91082598378968,4.696541860000025,7.222041695558893,34.31752289251503,0.016247305065013505,0.3392888316538938,11.20352547381212,0.8075275857207505,0.014527189595968793,0.2410206321734534,3.722836127412039,0.8075275857207505,102,2,ppv,/gpfs/loomis/project/kklee/jd848/ppv/2k/r1-738/recal
57,1078.16,1973,81.90310542056233,-1064.470864024875,160,0.17234660599999999,8.047938915284375,5.085684621120376,13.788704279674437,3.5810952403054315,5.085879836459601,11.085770743292956,3.441191134923152,5.066655279558636,11.569367912016434,0.004937870787188497,0.2722785699836734,2.8017369859407553,0.600787002755597,0.004759860129224727,0.2711038370184745,4.042903300932842,0.600787002755597,1000,25,ppv,/gpfs/loomis/project/kklee/jd848/ppv/2k/r1-1078/recal
58,939.1,1973,166.8147217922701,-973.3944298443877,160,0.17234660599999999,8.470411892101147,5.923246671892296,14.217288175918734,5.17667378432802,5.93265384318701,10.83382376008841,5.618840675161822,5.937633613679926,9.017621122998449,0.000890545622201478,0.2548121519973942,4.731444290359692,0.649918037922832,0.0020457598412757755,0.2783771661541664,3.8094303804569125,0.649918037922832,1000,25,ppv,/gpfs/loomis/project/kklee/jd848/ppv/2k/r1-939/recal
59,1500.0,1973,14.48759025827057,-1106.7610787696874,160,0.17234660599999999,6.503973450889339,4.251199467933893,41.1835311413205,4.019154069910259,4.339870692420222,25.91718486953477,2.9493041439753123,4.267040657394236,31.046686726481227,0.011220496766145904,0.41670637916570197,5.872821857382884,0.6836928571049932,0.01245198257112896,0.4046759485410528,6.40091281038302,0.6836928571049932,1000,50,ppv,/gpfs/loomis/project/kklee/jd848/ppv/2k/r1-1500/recal
60,738.63,3017,449.6518194702435,-620.5067247872014,160,0.258519909,10.244573012199877,9.48926392626771,20.772431933942485,8.021152901889598,9.480790027311334,17.83044539358785,7.891961175192843,9.59431001215624,17.396329702396397,0.0028450827667541034,0.3569534684018317,3.284293772186261,0.8437367409239663,0.004231696385018723,0.3625594711844376,3.889766339478153,0.8437367409239663,1862,46,ppv,/gpfs/loomis/project/kklee/jd848/ppv/3k/r1-738/recal
61,518.76,3017,1400.510097696842,470.38747445836475,160,0.258519909,5.2678430114068115,14.114936203820676,34.915646513705624,3.6186817297567626,14.02125240424257,21.868717288611155,3.7639024365178813,14.089257084576522,26.429993493361994,0.0036923823434114795,0.39449164808230813,4.633190169458915,1.4586055988491469,0.00455808314614513,0.3999992705907544,4.72273924507252,1.4586055988491469,2056,51,ppv,/gpfs/loomis/project/kklee/jd848/ppv/3k/r1-518/recal
62,1500.0,3017,22.56785816307275,-1080.4154007842958,160,0.258519909,7.414886063441326,5.275164804973149,37.4945474895992,5.386040808187824,5.347731419158072,25.647383577943792,5.041382120525412,5.369334733219948,26.45683295696656,0.016663307207353477,0.48284050562495356,6.3733373248734875,0.6688043149464544,0.01503290774966774,0.4763673356460474,6.261522352752594,0.6688043149464544,1393,69,ppv,/gpfs/loomis/project/kklee/jd848/ppv/3k/r1-1500/recal
63,1281.42,3017,29.43357232123814,-1085.030606031721,160,0.258519909,6.690450114058954,5.29448930288515,16.364312874292384,4.264805232777372,5.300943543382411,14.197663324948033,4.282158335004054,5.425004930382557,13.795752412549888,0.006963219459307876,0.3776945277514076,4.025035316047408,0.5125339075482694,0.007316317184523316,0.3768609826929669,4.099243437234554,0.5125339075482694,3000,75,ppv,/gpfs/loomis/project/fas/kklee/jd848/ppv/3k/r1-1.1/recal
64,962.75,3017,156.37282041640717,-973.6225725222099,160,0.258519909,6.300298328233346,7.243465686180772,14.3278550258416,3.842401033604753,7.258827481609493,13.330239950099834,3.7269327784991164,7.385358171764516,12.666878818623026,0.014395415681515089,0.33555744480049116,4.251759916902438,0.6854720559965735,0.014061972329248948,0.3311839594780731,4.119010434574811,0.6854720559965735,5000,125,ppv,/gpfs/loomis/project/fas/kklee/jd848/ppv/3k/r1/recal
65,1114.5,3017,74.4954248730185,-1057.1356321609626,160,0.258519909,7.33067680118927,6.11643812416495,14.34083926926518,3.7965869152167184,6.137045789226404,12.549251900212482,4.15439126016193,6.239958556585366,12.579356487517172,0.01167375888080333,0.33265383274729593,4.149286059607988,0.5639249633757661,0.012675148919040171,0.33572880368716157,3.922753356421286,0.5639249633757661,3000,75,ppv,/gpfs/loomis/project/fas/kklee/jd848/ppv/3k/r1-1.05/recal
66,738.63,3946,458.71229432458875,-599.5058584005626,160,0.34469321199999997,13.0968650018145,11.19061885824422,22.465906713609247,9.257652290752732,11.232343000570193,19.029599844837477,8.891118179680474,11.351412025859467,20.275527619222398,0.011408916507941697,0.4175642242550758,2.7893729317515317,0.9730062842992998,0.016608925416853226,0.42262310911061046,4.485720378400817,0.9730062842992998,1755,43,ppv,/gpfs/loomis/project/kklee/jd848/ppv/4k/r1-738/recal
67,518.76,3946,1411.9553298779308,491.9456152912979,160,0.34469321199999997,9.853233688396035,16.32662581687978,35.06679436112571,8.416207546265978,16.270395685766253,25.63036046564502,7.592825184028705,16.45940471463466,28.113501872539075,0.006266738268304509,0.47621346624334965,5.791508168533591,1.588387008480025,0.005739919158447933,0.47225572312592123,5.142951368917502,1.588387008480025,2022,50,ppv,/gpfs/loomis/project/kklee/jd848/ppv/4k/r1-518/recal
68,1500.0,3946,27.3428373929884,-1052.4902433934749,160,0.34469321199999997,9.590137700773266,6.105699373020735,33.800867773006075,5.858737008563579,6.157033425434117,23.01328986371493,6.036232478060829,6.190443353337898,21.49394546866415,0.010919103441112374,0.5396039998577383,7.713395957157296,0.6872409422660445,0.018203332212201277,0.5292033403599785,6.434130919251189,0.6872409422660445,1266,63,ppv,/gpfs/loomis/project/kklee/jd848/ppv/4k/r1-1500/recal
69,518.76,4990,1423.0019887331455,514.0569730122,160,0.430866515,16.746226864215572,18.26162591277227,40.21860222923324,13.260733350605534,18.152147770575997,28.908923865417865,13.022006903270654,18.316391138887518,31.25214546140431,0.005039547165085746,0.533397626822054,10.487340566595268,2.073385872413949,0.0054231049591160615,0.543435015834765,6.713302648470779,2.073385872413949,1000,25,ppv,/gpfs/loomis/project/kklee/jd848/ppv/5k/r1-518/recal
70,738.63,4990,468.333458974958,-577.6841426439,160,0.430866515,18.178799333750742,12.508804422040882,27.54591701412964,10.21115236242441,12.526496209178385,22.674920502293155,10.144525044745087,12.535115756974797,22.75931687604408,0.028347777097123585,0.5441829560962089,7.209271392866045,1.0366454542782713,0.037175268129918164,0.4716642362877722,4.779107508829026,1.0366454542782713,1000,25,ppv,/gpfs/loomis/project/kklee/jd848/ppv/5k/r1-738/recal
71,939.1,4990,191.65830607524884,-909.4463794320375,160,0.430866515,18.92128993773861,9.740287995177507,26.550343991861805,7.599030927243523,9.781564112006363,20.556188266382634,6.913865097743673,9.666073701458815,20.56903271157708,0.027953683663745187,0.44305310803692594,5.431411266482247,1.0664190858268585,0.03146918740064023,0.45960471317905816,6.250710130821569,1.0664190858268585,1000,25,ppv,/gpfs/loomis/project/kklee/jd848/ppv/5k/r1-939/recal
72,1078.16,4990,105.40685552933597,-1000.428050494125,160,0.430866515,18.906309492951326,8.282430663094733,26.596074135880826,6.390850503057987,8.312058041108424,18.20177747786034,9.061114757691135,8.194970676369795,18.365624735292577,0.02223706352596554,0.4408525202052606,6.037308781329299,0.7627239881067605,0.024884639516120216,0.4333354837690112,5.1326332212148635,0.7627239881067605,1000,25,ppv,/gpfs/loomis/project/kklee/jd848/ppv/5k/r1-1078/recal
73,962.75,3946,164.8018089020269,-952.2047981309126,160,0.34469321199999997,10.012101403242168,8.440664877763103,18.97456761888893,5.616120482614548,8.471345731985283,17.07967579031699,5.338364236203771,8.52499229566047,15.464632907290547,0.023619220736040045,0.3861854855484937,4.693160443561747,0.8072092835815525,0.023623798410483572,0.383854747819373,4.850531006875491,0.8072092835815525,3000,75,ppv,/gpfs/loomis/project/fas/kklee/jd848/ppv/4k/r1/recal
74,1114.5,3946,82.52052634725452,-1035.7920841605626,160,0.34469321199999997,9.710803466170802,7.184425301865122,17.785743617980188,5.192280025250843,7.22837638843865,15.230575525411908,5.574695859782122,7.348487753750844,14.558792471918675,0.019357828280122818,0.3951507258340742,3.889442705282792,0.6464106166312409,0.019109339294008286,0.3764171468902179,4.496536916609076,0.6464106166312409,3000,75,ppv,/gpfs/loomis/project/fas/kklee/jd848/ppv/4k/r1-1.05/recal
75,1281.42,3946,37.802629563314774,-1062.1630234464208,160,0.34469321199999997,9.001800209537167,6.232538352631191,21.76919023060602,5.672227835595352,6.259594414232501,18.584454620262605,7.501613248465324,6.393338783087893,20.11269220285478,0.008750996284668083,0.4223872097644381,4.915394285750235,0.5918776619356672,0.0093951498258514,0.4236484693815462,4.733834358280025,0.5918776619356672,3000,75,ppv,/gpfs/loomis/project/fas/kklee/jd848/ppv/4k/r1-1.1/recal
76,1000.0,9980,210.96087847216117,-710.0785900566275,160,0.86,45.102232073396436,12.716959213775837,56.47090763482167,15.712232851791866,12.695459337050615,40.249082462773124,17.806512572523683,12.224754900412957,39.6068824032683,0.02158273993987394,1.351400965972158,19.101925879945636,2.9779964588228975,0.027046104136246012,1.3527907463176678,18.58719207459114,2.9779964588228975,745,31,ppv,/gpfs/loomis/project/kklee/jd848/ppv/10k/r1-1000/recal
77,519.0,9980,1456.4646816550462,622.777959257,160,0.86,31.355234899952993,25.472935559443922,49.3124332715856,12.542020704893403,25.50595417378604,45.37290770009443,14.584917267802552,24.762554939849302,38.84464720292148,0.025775229612504037,0.9622905514669431,8.148818106366079,3.142272038718965,0.017383301286408668,0.9047757110500745,10.178897675343878,3.142272038718965,1000,25,ppv,/gpfs/loomis/project/kklee/jd848/ppv/10k/r1-519/recal
78,1000.0,9980,209.83801624482692,-715.8763069515335,160,0.86,46.089937145227076,12.770629017070826,56.20881560229486,15.161007544114813,12.742950094817378,45.550758111554195,13.47402855085497,12.579340094823976,46.69609141510546,0.019818198062369667,1.4016234654121769,19.124976348837407,3.347733076739089,0.036482926075855286,1.2066641509918181,20.89490654948826,3.347733076739089,953,28,pv,/gpfs/loomis/project/kklee/jd848/pv+hf/10k/pv/r1-1000/recal
79,519.0,9980,1472.8624728242312,642.4392849730875,160,0.86,30.171876373155236,26.220909798695576,55.98079246112953,15.546388047085252,26.254240861129464,53.02628281774543,15.301435477445649,25.861102970708167,55.8865902377595,0.018612266103167588,0.9186599385120461,10.202658752554852,3.6825019930036773,0.01031826367162965,0.9068419699131698,11.928887923820769,3.6825019930036773,1000,25,pv,/gpfs/loomis/project/kklee/jd848/pv+hf/10k/pv/r1-519/recal
80,218.85,9980,12224.709662738582,8948.813521518325,160,0.86,56.64868978172241,51.228411524914485,175.40076371393107,19.99417339438517,51.55061997588648,103.58541530880315,22.339884082917628,50.77382682896788,97.66287581173505,0.037210924984450486,4.647495870552112,58.23724737472003,31.87691342114289,0.054884671426532285,4.699418974454493,43.54240607214534,31.87691342114289,1000,25,pv,/gpfs/loomis/project/kklee/jd848/pv+hf/10k/pv/r1-218/recal
81,126.65,9980,39455.477291771844,21675.447244741623,160,0.86,149.97542296172048,82.07305901731812,233.1752156989698,52.95580370620617,83.89834790314563,134.55449809239147,55.404954387075854,82.94199306964762,135.04994946385617,0.0799644177071484,9.20103812958335,86.02259153790602,68.32836563266035,0.13307121560416943,8.844218731379456,54.01269370074454,68.32836563266035,909,45,pv,/gpfs/loomis/project/kklee/jd848/pv+hf/10k/pv/r1-126/recal
82,218.85,4990,12216.988554595971,8761.59625301605,160,0.43,49.68822099860922,36.36492948134318,75.6439380169994,41.31843437784084,36.51257805588509,70.15005593968694,53.79881185211814,35.65785150080354,66.10108923189364,0.06094011769916539,3.8506443032984814,31.948606455412005,22.033288472341333,0.044040573415676035,4.030157990890123,30.096464519399767,22.033288472341333,1000,25,pv,/gpfs/loomis/project/kklee/jd848/pv+hf/5k/4000g/r3-218/recal
83,126.65,4990,39738.24740213523,21550.545791953635,160,0.43,82.94225579579745,57.59196894474482,191.07223390938887,38.16422356497129,59.383752488950364,101.73435936048996,43.635753145192545,60.2450962991549,117.69248053684439,0.04195562739959434,8.423444140775537,58.11466621942889,72.04033951747707,0.15446925064185993,8.496107793109402,56.94696128653228,72.04033951747707,942,23,pv,/gpfs/loomis/project/kklee/jd848/pv+hf/5k/4000g/r3-126/recal
84,347.53,4990,4167.25706643017,3155.0098988170125,160,0.43,20.992336197702425,25.220764853599665,87.51006686668912,11.638876445476999,25.774974917281043,52.699739635448,14.266754833985313,25.144758510624516,59.643138511450886,0.015017064633659292,1.6726447082074345,13.701771904126327,7.759384215495169,0.027059138194807826,1.625162640561463,16.83097082682781,7.759384215495169,1000,25,pv,/gpfs/loomis/project/kklee/jd848/pv+hf/5k/4000g/r1-347/recal
85,218.85,4990,12185.170464368099,8857.374304127625,160,0.43,70.92800322703772,34.90289024782468,185.70318173761083,22.175377778469358,35.89164886457298,79.14445698282086,29.9519924166857,34.279228532504604,76.54659702756192,0.03181789559729607,4.303629084235989,40.00297157357686,24.163332591299117,0.0484069147469119,4.254373332961141,33.00600738366367,24.163332591299117,1000,25,pv,/gpfs/loomis/project/kklee/jd848/pv+hf/5k/4000g/r1-218/recal
86,126.65,4990,39394.1240622954,21524.850774912276,160,0.43,153.64782685800012,57.00239572865292,256.277026529289,28.80956912088349,59.58471086144589,119.69597232008475,36.43371582945924,58.874733284939886,126.32330353944822,0.07339982234534148,8.775061792160274,94.27548796355431,65.54049542532465,0.076503406570491,7.856418155242657,51.80891817952414,65.54049542532465,1000,25,pv,/gpfs/loomis/project/kklee/jd848/pv+hf/5k/4000g/r1-126/recal
87,347.53,1044,4001.8237590242707,3042.9860460699,160,0.09,26.70272860697276,10.786653116280709,147.7109319602246,12.188847215496413,11.418993625035746,31.660003489191944,10.978673913690827,10.885454241876026,29.574929975263974,0.033830153569096265,2.3707449332541026,28.880460633254494,10.087015557364165,0.029736508255306715,2.285725551641421,21.879863125829278,10.087015557364165,1000,25,pv,/gpfs/loomis/project/kklee/jd848/pv+hf/1k-solid/r1-347/recal
88,218.85,1044,12204.499044462436,8811.852133714687,160,0.09,66.42033092049472,19.048758872200555,167.59348930965862,31.652002702662383,19.99515520829719,34.861626380011856,20.473791045225845,15.099174702320482,25.541993240840505,0.015914558094795764,2.4496717572536957,15.812921252293215,16.152713844765184,0.028464673754862974,2.612916924111456,22.06386848387384,16.152713844765184,1000,25,pv,/gpfs/loomis/project/kklee/jd848/pv+hf/1k-solid/r1-218/recal
89,126.65,9980,39869.16227069259,21637.079507243543,160,0.86,71.07900746006518,85.49628942365686,185.07680398248294,38.23230926105453,86.21144235317631,151.7781837705489,39.615602121731186,86.66917557323373,148.975713227033,0.03747487376622415,8.76194848666416,71.69600832655017,78.59298621008247,0.06435491006865025,8.29659561757079,62.12674416967093,78.59298621008247,2000,50,pv,/gpfs/loomis/project/kklee/jd848/pv+hf/10k/r3-0.5-10k/recal
90,218.85,9980,12287.061982895435,8875.980817850528,160,0.86,24.548088842244677,52.45323161213197,86.33888220068815,22.007278258221167,52.67528448366608,84.79671017987393,25.546831290535064,49.928232771473574,84.77548225350162,0.04666860655124596,4.264020179191839,37.32078614914296,21.7820839257954,0.03564305082232573,4.23705272009392,29.7533305958494,21.7820839257954,875,21,pv,/gpfs/loomis/project/kklee/jd848/pv+hf/10k/r3-0.6-10k/recal
91,347.53,9980,4130.018315554204,3190.3526196249877,160,0.86,16.05901012104309,35.36895982186174,76.14835740434155,15.93457772958438,35.29108521701156,77.98591741242764,16.7886507091519,34.489355250153814,76.25794298976746,0.01959448958920823,2.549794940238575,24.55642199877373,10.809842769020158,0.029104360590632528,2.4907951945363456,23.44775606350912,10.809842769020158,2000,50,pv,/gpfs/loomis/project/kklee/jd848/pv+hf/10k/r3-0.7-10k/recal
92,1000.0,9980,209.65053899110413,-717.2412150269859,160,0.86,29.640023025834324,12.717832887423501,52.787574259288334,14.426928566925634,12.805266906270498,41.134113778700254,11.427754055692025,12.887540774194987,39.36543752072704,0.025303766712975267,1.2750810708971272,19.950636305627217,3.291968490565193,0.0487425969915306,1.2990890340410166,20.546851375982786,3.291968490565193,796,36,pv,/gpfs/loomis/project/kklee/jd848/pv+hf/10k/r3-1000/recal
93,4000.0,9980,0.25695389489411546,-849.1094167602631,160,0.86,29.198999833044073,6.447269608851899,62.334303350305355,12.216282805709,6.726175314192818,26.397866174139843,12.426788864400182,6.695201633991207,27.443805420480025,0.004732447721762867,1.0000333541534612,15.529110827638752,0.45196310104429915,0.026409130419453457,0.8127602230310607,11.28372727892196,0.45196310104429915,94,5,ppv,/gpfs/loomis/project/kklee/jd848/ppv/10k/r1-4000/recal
94,4000.0,9980,-0.03956498485546911,-838.7150486232954,160,0.86,25.358648029127327,6.299687212559205,63.47591633704072,10.486189925644135,6.583437586222741,25.805893463671016,9.333890193724116,4.058000987996112,16.70450963947765,0.08534415942468385,0.8025271551007934,11.946042228522918,0.31266237074914277,0.05895687640256986,0.7599147132453389,7.805940161404277,0.31266237074914277,110,5,pv,/gpfs/loomis/project/kklee/jd848/pv+hf/10k/pv/r1-4000/recal
95,347.53,4990,4039.5262391186234,3079.6024618580377,160,0.43,14.867204939030916,25.07766194316409,49.41562775944588,7.85212764678137,25.14993938617594,48.31311200304488,12.659686044179484,24.44532986943476,43.71858431667698,0.02020801544590003,2.3470598766957838,25.137360766667083,9.142205801086668,0.030104440313159314,2.220318534293999,19.830465260847536,9.142205801086668,1000,25,pv,/gpfs/loomis/project/kklee/jd848/pv+hf/5k/4000g/r3-347/recal
96,4000.0,9980,0.8588111954328821,-826.4437925486666,160,0.86,34.26291792454486,6.465380638755185,59.8302801236422,13.119436071790625,6.696421739540838,24.869632003279527,20.635716777028396,5.688177124067951,34.1480074230604,0.04117683396420731,1.1147637743353647,14.310448590982231,0.3266948574085994,0.03714274265064953,0.8136994291943556,8.15627573557961,0.3266948574085994,93,5,pv,/gpfs/loomis/project/kklee/jd848/pv+hf/10k/r3-4000/recal
