,vol,T,P(GPa),E(eV),N,sigma(eV),Est_all,Fst_all,Vst_all,Est_eq,Fst_eq,Vst_eq,Est_tr,Fst_tr,Vst_tr,Eaerr_test,Ferr_test,Verr_test,Verr_test(GPa),Eaerr_tr,Ferr_tr,Verr_tr,Verr_tr(GPa),Ndata,Ntrain,phase,path
0,2400.0,3017,-0.24877730979227586,-1072.7124468605193,160,0.258519909,4.949513435234956,5.293090295512439,20.9447689623515,4.200830358552729,5.297644205959897,19.858850494035245,4.6408840038007995,5.017740380624912,25.33201018101747,0.00749511623039556,0.2948523211620409,2.1726509369078997,0.13002000619134713,0.004653270464025331,0.2995960601175845,1.9476505324576578,0.13002000619134713,192,9,pv,/gpfs/loomis/project/kklee/jd848/pv+hf/3k/solid0/r3/cont1/recal
1,1273.0,3017,30.68051270028387,-1112.2429808273437,160,0.258519909,7.094164588948429,5.437980490384499,14.005548389745007,3.9728301613068364,5.460358575081179,12.19893325579332,3.6652764538380587,5.411631101659277,12.464151177630722,0.0016097240535971602,0.14566653177069303,1.8089557799208271,0.2082929415560855,0.002161863313923069,0.14683992050280892,1.6549793022725452,0.2082929415560855,4000,100,pv,/gpfs/loomis/project/kklee/jd848/pv+hf/3k/solid1/r1-k111/recal
2,1273.0,3017,63.50039960196241,-1059.442863665585,160,0.258519909,18.31708010445711,5.897630151137425,25.976925764835368,5.3337273112456565,5.915310631494039,23.50775248716978,5.188586450743103,5.933803616503682,23.44519508774029,0.007559430118558965,0.24098402961549342,2.8214606343954083,0.3313375257063659,0.004218894668910538,0.2302020537494542,2.6326228004350356,0.3313375257063659,5000,250,pv,/gpfs/loomis/project/kklee/jd848/pv+hf/3k/solid1/r3-3k/recal
3,1195.07,3017,49.91524620009806,-1103.5472277943688,160,0.258519909,7.341197093616467,5.825566652892488,13.175054895487094,3.9027614283246015,5.844098315982107,11.644227462749637,4.099108148933255,5.820699007779654,12.141273776024457,0.0012184847189295825,0.1351255695746952,1.5642068344374922,0.1901761131010575,0.0013198749882283596,0.13176807669495724,1.4185312938232633,0.1901761131010575,4000,100,pv,/gpfs/loomis/project/kklee/jd848/pv+hf/3k/solid2/r1-k111/recal
4,1195.07,3017,68.35097629661001,-1046.598630079486,160,0.258519909,4.311472915155993,6.149660538773672,22.50861932200741,4.149120172771598,6.16405306303325,21.4980515732688,4.361609880312205,6.1070661215228315,21.030137181805685,0.0028073135667430033,0.21448468453227076,2.4251699121714694,0.3324412010580583,0.002852999819282917,0.21302708893415984,2.4796923197523526,0.3324412010580583,8000,200,pv,/gpfs/loomis/project/kklee/jd848/pv+hf/3k/solid2/r4-3k-re/recal
5,1078.16,3017,92.66785247400873,-1068.7337568920154,160,0.258519909,4.189751310440448,6.584300569192246,12.736684191415995,3.947916645711793,6.582406245525399,12.347540997538095,3.8216814182836925,6.488381968014639,11.987515592056015,0.0011084310242721732,0.11808108778506841,1.2687097296047316,0.19894653226787137,0.0011578671867522009,0.11857850908099321,1.3387799475118156,0.19894653226787137,4000,100,pv,/gpfs/loomis/project/kklee/jd848/pv+hf/3k/solid3/r1/cont2/recal
6,1078.16,3017,110.02317251469044,-996.2701689036453,160,0.258519909,4.667142413497923,6.764588085759682,24.11063215584304,4.229572044023271,6.758396056027782,22.997805127273544,4.096105976367632,6.749742719528516,22.421610578499553,0.004721650535693493,0.23092606781768713,2.8380833164441124,0.3862245364304958,0.004001738311673246,0.22791145842869182,2.5990383381701094,0.3862245364304958,8000,200,pv,/gpfs/loomis/project/kklee/jd848/pv+hf/3k/solid3/r3/recal
7,1013.21,3017,128.5655244079966,-1033.17494377412,160,0.258519909,4.1219141235020675,7.127654934290565,13.120546813586998,4.169580243327899,7.103632247658712,13.131576585337587,4.400334236437352,6.993133777712787,13.288838923064008,0.0018072037167140172,0.12073177639793464,1.3060372155879916,0.2115279007929057,0.001757084752883652,0.11994319082774511,1.3376938695770288,0.2115279007929057,5000,125,pv,/gpfs/loomis/project/kklee/jd848/pv+hf/3k/solid4/r1/cont1/recal
8,1013.21,3017,141.9612303387984,-958.3526346010485,160,0.258519909,5.9371863749612555,7.1289013411128845,26.781565724659224,4.844395409995625,7.136549315513906,23.610973568162876,5.000768006259169,7.095344589773921,24.53200950378255,0.003677167260746289,0.2377209142264952,2.8451371804689227,0.40070069708900896,0.0032530696364219355,0.23688962886806209,2.5340149645601096,0.40070069708900896,8000,200,pv,/gpfs/loomis/project/kklee/jd848/pv+hf/3k/solid4/r3/cont1/recal
9,518.76,3017,1361.5463718030533,530.8505268760833,160,0.26,5.376451437638785,13.321189600428177,39.40102017136653,4.334332487481127,13.342498693735804,37.11325978440794,6.549402083676847,13.295250572254679,38.00210206216436,0.006394227643564797,0.5221302966868127,4.915337318366752,1.3754922443402195,0.006559729794712939,0.5171383135290408,4.453631062957602,1.3754922443402195,6000,150,pv,/gpfs/loomis/project/kklee/jd848/pv+hf/3k/300g/r3-0.8/recal
10,738.63,3017,452.2798437597988,-550.6152845059646,160,0.258519909,4.878771875773248,9.447598070936587,23.901809586910247,4.212599424451146,9.45872273507875,23.75946982484458,4.662040691559038,9.392740692550085,23.17028549968204,0.003516651732140817,0.3162135743220696,2.947177325017043,0.63401492798996,0.0029750849116405094,0.310949141702121,2.9229139920128846,0.63401492798996,6000,150,pv,/gpfs/loomis/project/kklee/jd848/pv+hf/3k/300g/r3-0.9/recal
11,868.7,3017,257.7754977845091,-801.647669387825,160,0.258519909,4.582263459355263,8.065281519962463,22.97345474611195,4.166388419759914,8.072337264861774,22.841409167969232,3.8723530322092636,8.019595852339569,23.269374648083385,0.00342347647727797,0.2835864007049471,3.151679963072703,0.5357191571626008,0.004026093692906898,0.2830310363929665,2.9046687224457055,0.5357191571626008,6000,150,pv,/gpfs/loomis/project/kklee/jd848/pv+hf/3k/300g/r3-0.95/recal
12,939.1,3017,195.0890569863202,-893.198707905473,160,0.258519909,4.970171848939024,7.561415181104999,25.50019675371707,4.073245658843902,7.585007516252399,24.40316726432508,4.442921486314193,7.547836935591214,24.2776592078856,0.003616732283736895,0.2666338177426119,3.1948695824016045,0.46828044642938677,0.00403306735795743,0.25703975395011763,2.744779580058126,0.46828044642938677,6000,150,pv,/gpfs/loomis/project/kklee/jd848/pv+hf/3k/300g/r3-0.975/recal
13,1013.21,3017,128.30397087697298,-1032.7578093532625,160,0.258519909,14.878101980554696,6.919684451952792,16.44345259521424,7.2985879137449965,6.966864809184793,13.041148098251735,8.030663836040027,6.932904603525319,12.921604890481813,0.0017787921955703142,0.10577665700361609,1.19816660493579,0.24021603650722148,0.0015719543291817697,0.1298765052915902,1.519116476858541,0.24021603650722148,1000,25,pv,/gpfs/loomis/project/kklee/jd848/pv+hf/3k/300g/r1-1013/recal
14,738.63,3017,459.42018865970965,-624.344359090101,160,0.258519909,16.88103048709677,9.111969453897826,59.44461089453534,17.06253310841743,9.353041120141782,57.63595871998194,17.359587457542048,6.808564701685495,89.11909314596954,0.004495069630363701,0.16467014427681412,2.9243670973490086,0.4087028993308724,0.00986850806896171,0.09033038007232687,1.8841881638619042,0.4087028993308724,123,3,pv,/gpfs/loomis/project/kklee/jd848/pv+hf/3k/300g/r1-738/recal
15,1488.78,3946,28.843348066835752,-1054.9803857134916,160,0.34469321199999997,6.443795536007407,6.229552468966257,25.08237312497988,6.393069766684446,6.226034845511581,24.96942858017452,6.363059763301534,6.194106185587787,24.921723043713907,0.004944008620283224,0.26782107051965004,3.15589523853327,0.31117769832203607,0.0060212576443241005,0.2623457457615628,2.891535974832525,0.31117769832203607,6000,217,pv,/gpfs/loomis/project/kklee/jd848/pv+hf/4k/25g/r3-4k/cont1/recal
16,1078.16,3946,116.52377966036532,-975.8447512411708,160,0.34469321199999997,6.935022055917417,7.739232649791236,26.57644666474729,6.118561977463226,7.751718544036507,25.646684066383315,6.078132406893352,7.7694428577213595,26.421786720317815,0.003853300810238565,0.25466118042058367,2.686069305228613,0.39915758724918216,0.0038533008102385664,0.25466118042058367,2.686069305228613,0.39915758724918216,6000,300,pv,/gpfs/loomis/project/kklee/jd848/pv+hf/4k/100g/r3/recal
17,1013.21,3946,149.94907417998212,-931.4076809677272,160,0.34469321199999997,7.7234569107210715,8.198281525085207,29.648270824105747,6.505116140952943,8.223020941894642,28.743125250152197,6.840935844525849,8.213031316138718,28.340050512428224,0.005137981912230945,0.274842636351491,3.0614424252350054,0.484102158450546,0.005137981912230947,0.274842636351491,3.0614424252350054,0.484102158450546,6000,300,pv,/gpfs/loomis/project/kklee/jd848/pv+hf/4k/140g/r3-4k/cont1/recal
18,1195.07,3946,75.74485114953943,-1017.9263399370782,160,0.34469321199999997,6.570840463900331,7.120140115445706,27.46864174035571,6.42400362342132,7.1199829808947195,26.523264469568037,6.378231309321608,7.108522586430355,26.704596636614934,0.003107140195182392,0.2596223313183097,3.042128812366635,0.37121374246579036,0.004880342576724843,0.2494881314157443,2.7688982690752297,0.37121374246579036,5741,287,pv,/gpfs/loomis/project/kklee/jd848/pv+hf/4k/60g/r3/recal
19,1488.78,3946,28.863730644462343,-1051.6377559103666,160,0.34469321199999997,8.124662564019651,6.212416885949595,24.558144548715624,8.039472388408186,6.227171072298608,24.189569098601485,8.604104710959696,6.211993784764431,24.310747517231672,0.006203201106032835,0.2804047678347928,3.1643290218079474,0.32196163487377605,0.006549328337077581,0.2842450603781257,2.9917428362426164,0.32196163487377605,3000,150,pv,/gpfs/loomis/project/kklee/jd848/pv+hf/4k/25g/r1-0.99/cont1/recal
20,1195.07,3946,58.19092105987869,-1081.5881546104051,160,0.34469321199999997,5.463775750468118,6.882413599408843,15.124440720789046,5.457684537682867,6.891598867184517,15.331075845092409,5.965421317940275,6.868752501228752,15.931118713021748,0.002291097749315389,0.15989948969464704,1.8900262692463208,0.26026201181527114,0.002271429097406908,0.15820317302662387,1.941304837570103,0.26026201181527114,5000,125,pv,/gpfs/loomis/project/kklee/jd848/pv+hf/4k/60g/r1/cont1/recal
21,1078.16,3946,101.64161433358429,-1047.0922764797624,160,0.34469321199999997,5.138861750287628,7.702938550305129,15.587542154658964,5.300436220245614,7.684375126770764,15.61392816362053,5.010982519027313,7.655141286585487,14.575287457381437,0.0014996422269640786,0.14579628501687178,1.6482216199177244,0.2371044853285778,0.001685566095195902,0.14746806345975308,1.5955579964349675,0.2371044853285778,5000,125,pv,/gpfs/loomis/project/kklee/jd848/pv+hf/4k/100g/r1/cont1/recal
22,1013.21,3946,138.09730626919097,-1008.087415703505,160,0.34469321199999997,6.234481932423245,8.290194649460586,19.13179171050228,5.594756126330526,8.262302952298304,17.982827697773498,6.772569418613875,8.253276294022827,19.78025281591713,0.0014527121911758172,0.15080658536974148,2.079397149653567,0.3092108984504589,0.0016590253839284474,0.15330334918768995,1.95543718683496,0.3092108984504589,5000,125,pv,/gpfs/loomis/project/kklee/jd848/pv+hf/4k/140g/r1-0.78/re2/recal
23,738.63,3946,458.93963420758365,-528.6970457204292,160,0.34469321199999997,5.4256693547947235,10.978936079760551,28.268604277387205,5.557588984983857,10.982610811135915,28.625105514384945,5.607552361670626,10.875457041084525,28.701646962883366,0.0034091623443515883,0.35167863028398266,3.592080372154349,0.7351535405031117,0.004317190907061565,0.343809393521139,3.3891797731431073,0.7351535405031117,6000,150,pv,/gpfs/loomis/project/kklee/jd848/pv+hf/4k/300g/r3-0.9/recal
24,939.1,3946,200.5537443786972,-867.2133320804209,160,0.34469321199999997,6.102102334284577,8.779053755169786,33.921794112235915,5.644815634553586,8.791411851223705,32.263357149172016,5.130682696734171,8.756647970950413,32.37245529615599,0.0038360866275832265,0.2877715524158322,3.1247865684137124,0.5331125529658512,0.0038360866275832274,0.2877715524158322,3.1247865684137124,0.5331125529658512,6000,300,pv,/gpfs/loomis/project/kklee/jd848/pv+hf/4k/300g/r3-0.975/recal
25,868.7,3946,263.4370222306513,-778.1742359031167,160,0.34469321199999997,6.338503474882591,9.358101102874196,29.850984817691064,6.226136089308495,9.346834854142228,29.58566840119863,6.28502978324489,9.340521200476195,30.37379502225361,0.004633606037721594,0.31923674235351374,3.953526089939864,0.6249988591895058,0.004529348697969431,0.31812643148108344,3.3887431755609083,0.6249988591895058,6000,150,pv,/gpfs/loomis/project/kklee/jd848/pv+hf/4k/300g/r3-0.95/recal
26,518.76,3946,1369.4569675893995,552.1579915729917,160,0.34469321199999997,6.641629999977988,15.413196687041832,45.1969640493087,5.726828102678229,15.445124604605148,47.367670831391855,5.417628421283996,15.384683603978148,47.10334066765906,0.00825310990450167,0.586311105344293,6.256204583002162,1.719269093182865,0.0067650926514365925,0.5746266376832662,5.566727308342602,1.719269093182865,6000,150,pv,/gpfs/loomis/project/kklee/jd848/pv+hf/4k/300g/r3-0.8/recal
27,1013.21,3946,135.95781048377881,-1010.9193142227625,160,0.34469321199999997,18.99140094759261,8.055068615608354,20.981189832234676,8.110800757038982,8.09763444260233,16.524003730700194,7.49230962567319,7.7165925351718565,18.72769642698177,0.0013474576838593537,0.13818176030362206,1.48869417752652,0.24760705473065694,0.0013402908111503297,0.15426292780226017,1.5658569764822832,0.24760705473065694,1000,25,pv,/gpfs/loomis/project/kklee/jd848/pv+hf/4k/300g/r1-1013/recal
28,738.63,3946,471.64618183746717,-604.428024412225,160,0.34469321199999997,16.01260245465882,11.425738688398416,32.54451812261825,12.173581012184144,11.52559303537402,24.873072640443205,16.919662181500087,11.110474525712688,29.206539940933126,0.004700354958660835,0.18480819254849945,2.6322549110304414,0.4029301800659786,0.0034868391793877298,0.17549640167752353,1.85757497043945,0.4029301800659786,1000,25,pv,/gpfs/loomis/project/kklee/jd848/pv+hf/4k/300g/r1-738/recal
29,2900.0,4990,0.4565573543139396,-979.8499250338663,160,0.43,25.443105167592726,5.98634556498056,29.35431799278866,22.43758422394116,6.017963608925899,25.14512965406977,7.454186019666087,5.965850290186047,24.072322659147957,0.008478507997593993,0.32815423042508224,3.776357100299186,0.1800769364577956,0.006938011208809608,0.3379879242088906,3.259460342561049,0.1800769364577956,766,35,pv,/gpfs/loomis/project/kklee/jd848/pv+hf/5k/0g/r3/recal
30,1195.07,4990,84.22859920539724,-978.7898335040145,160,0.430866515,8.561818505014218,7.967657555421887,30.99739850021005,8.636613221015754,7.946932172350293,31.187923016304513,8.697545494310551,7.959691461118751,30.67603025328897,0.007170706352554751,0.3272072353768867,3.5275512834327882,0.472922941333064,0.00717070635255475,0.3272072353768867,3.5275512834327882,0.472922941333064,6000,300,pv,/gpfs/loomis/project/kklee/jd848/pv+hf/5k/60g/r3/cont3/recal
31,1195.07,4990,65.71651427364576,-1058.066813666797,160,0.430866515,6.936615302721447,7.762255949286754,19.470182675497636,7.101289285885211,7.768289709021695,19.538723983030415,5.482774612576938,7.680678853381269,17.870982302305613,0.002437870015145181,0.1973102666547224,1.7495528602436023,0.2610129980856068,0.002666605087939664,0.18661431046832525,1.9469064744335964,0.2610129980856068,2204,55,pv,/gpfs/loomis/project/kklee/jd848/pv+hf/5k/60g/r1/cont2/recal
32,1078.16,4990,109.01329321277454,-1024.13895121832,160,0.430866515,7.191131843495758,8.6849540853887,19.256601032899688,7.441700131551224,8.709157026494683,19.689773267989573,7.569662333048048,8.578865955280389,19.19544715994747,0.0018580965370720143,0.1651060225690971,2.8383635169668935,0.29855253781860575,0.0020186189340296794,0.17856734566357302,2.0090631706620643,0.29855253781860575,2351,58,pv,/gpfs/loomis/project/kklee/jd848/pv+hf/5k/100g/r1/cont2/recal
33,1078.16,4990,127.98133673104775,-934.050277710921,160,0.430866515,7.786800619406263,8.734777606051473,33.53525246618073,7.89919435924638,8.736711019201735,32.96941143361199,7.9800500115499675,8.739235866050631,32.56720640029536,0.007849731741451958,0.32300624675641915,3.481100156980409,0.5173014474824905,0.007849731741451958,0.32300624675641915,3.4811001569804088,0.5173014474824905,6000,300,pv,/gpfs/loomis/project/kklee/jd848/pv+hf/5k/100g/r3/cont3/recal
34,1013.21,4990,143.7572522282975,-989.30673315867,160,0.430866515,6.722079484065828,9.306057915104088,18.751781699652298,6.9871811837943305,9.267524563139512,18.83842822089453,6.439623895826928,9.078211989962496,19.4196895677141,0.0011721414904509527,0.19622911459115355,1.8701149797191121,0.2909699103330149,0.0017146020533895898,0.17804572488737477,1.8400819174437053,0.2909699103330149,2500,62,pv,/gpfs/loomis/project/kklee/jd848/pv+hf/5k/140g/r1/cont2/recal
35,1013.21,4990,159.82829203695474,-897.7286027764563,160,0.430866515,8.205237926300242,9.148763992764668,32.349729834782835,8.153953122046602,9.13575172998759,32.24234073475685,8.044510357564468,9.121136624831776,33.14776316820237,0.0057128721094594345,0.32566308148618656,3.5320258469980823,0.5585149412384051,0.005712872109459435,0.32566308148618656,3.532025846998082,0.5585149412384051,6000,300,pv,/gpfs/loomis/project/kklee/jd848/pv+hf/5k/140g/r3/cont3/recal
36,518.76,4990,1377.3423724843526,577.186700609375,160,0.430866515,17.169253451093535,17.262955838177522,51.37292140418778,7.35614268363164,17.286151549444543,42.77608565452708,8.963841014118797,17.18937401634066,44.56683600358173,0.0036313553406692733,1.0445016104934846,11.65041495923974,1.7759212964861064,0.007863897946382762,0.6387693602257237,5.750158377077803,1.7759212964861064,4279,106,pv,/gpfs/loomis/project/kklee/jd848/pv+hf/5k/300g/r3-0.8/recal
37,738.63,4990,471.55992833342725,-499.858982872423,160,0.430866515,10.653871887614157,12.283925681410448,40.96910365165419,8.708112435981569,12.30054715090568,36.94369699518053,8.437738263994438,12.17208414066459,37.183557370430364,0.006867995871127491,0.4096340639460606,3.8872515278020225,0.845789035241969,0.004826011472072219,0.39693486095691477,3.899227756730325,0.845789035241969,6000,150,pv,/gpfs/loomis/project/kklee/jd848/pv+hf/5k/300g/r3-0.9/recal
38,868.7,4990,272.88426167518764,-754.195862658275,160,0.430866515,8.199900535093045,10.552937435855066,35.48112670910526,8.051297166718745,10.550423527509233,35.29865081496169,7.991321037316812,10.472710334155492,35.17327638460832,0.0060213330184175915,0.35869321439306745,3.9296751560038707,0.724765012350408,0.0060213330184175915,0.35869321439306745,3.9296751560038707,0.724765012350408,6000,300,pv,/gpfs/loomis/project/kklee/jd848/pv+hf/5k/300g/r3-0.95/recal
39,939.1,4990,207.766857034575,-834.6542379299417,160,0.430866515,9.235136172956615,9.804448522608306,34.06416231676441,8.667704683983166,9.826676014935275,34.1237874507968,8.237427132835982,9.814341391108247,34.81557478256214,0.006110534195049906,0.32911911949883155,3.91288173014415,0.6675676315613259,0.006110534195049906,0.32911911949883155,3.91288173014415,0.6675676315613259,6000,300,pv,/gpfs/loomis/project/kklee/jd848/pv+hf/5k/300g/r3-0.975/recal
40,1013.21,4990,143.87682129992393,-988.8928752949001,160,0.430866515,23.384693012862215,9.218894012689871,25.91604182277693,9.70985731826609,9.273976779422414,20.353167084399143,10.259321481964275,9.382006789543787,23.16721694352838,0.001340003528078082,0.18165645397563465,2.2247090576246564,0.34215492160153943,0.0021436308532369343,0.19162569677134794,2.1637738537390083,0.34215492160153943,1000,25,pv,/gpfs/loomis/project/kklee/jd848/pv+hf/5k/300g/r1-1013/recal
41,738.63,4990,480.776148327508,-582.4427244871374,160,0.430866515,20.33127327941126,12.813883254993845,35.95208328608651,13.613231762156882,12.89084128856482,30.4659202422817,11.19708566181695,12.531150759610304,31.02062724869964,0.003116600555371431,0.20008725251784173,2.3541408093123968,0.4047728186415859,0.0021618333840502137,0.20374751919352022,1.8660698399402993,0.4047728186415859,1000,25,pv,/gpfs/loomis/project/kklee/jd848/pv+hf/5k/300g/r1-738/recal
42,738.63,1973,442.36280587815827,-637.6242368880487,160,0.17234660599999999,15.04312542953779,8.25754857296298,37.12292175803512,14.816348145290425,8.510544307022652,36.91082598378968,4.696541860000025,7.222041695558893,34.31752289251503,0.009040234648136903,0.13588304081945352,3.9520043372022657,0.45135418717258474,0.007350350073478751,0.08876505928876038,2.0808176760488544,0.45135418717258474,102,2,ppv,/gpfs/loomis/project/kklee/jd848/ppv/2k/r1-738/recal
43,1078.16,1973,81.90310542056233,-1064.470864024875,160,0.17234660599999999,8.047938915284375,5.085684621120376,13.788704279674437,3.5810952403054315,5.085879836459601,11.085770743292956,3.441191134923152,5.066655279558636,11.569367912016434,0.0019119873464770731,0.11398225348074446,1.740479115279427,0.20315246212709046,0.002136474057092466,0.11221042381357403,1.3670831025956252,0.20315246212709046,1000,25,ppv,/gpfs/loomis/project/kklee/jd848/ppv/2k/r1-1078/recal
44,939.1,1973,166.8147217922701,-973.3944298443877,160,0.17234660599999999,8.470411892101147,5.923246671892296,14.217288175918734,5.17667378432802,5.93265384318701,10.83382376008841,5.618840675161822,5.937633613679926,9.017621122998449,0.00048058699857221235,0.11170893972279104,1.9011600905191512,0.2500364513275995,0.0007838784485331965,0.11424063658598355,1.4655639608853086,0.2500364513275995,1000,25,ppv,/gpfs/loomis/project/kklee/jd848/ppv/2k/r1-939/recal
45,738.63,3017,449.6518194702435,-620.5067247872014,160,0.258519909,10.244573012199877,9.48926392626771,20.772431933942485,8.021152901889598,9.480790027311334,17.83044539358785,7.891961175192843,9.59431001215624,17.396329702396397,0.001024042859106089,0.13257420105363527,1.713692792747752,0.306358044857389,0.001502496824885665,0.14599525428803375,1.4123614071963198,0.306358044857389,1862,46,ppv,/gpfs/loomis/project/kklee/jd848/ppv/3k/r1-738/recal
46,962.75,3017,156.37282041640717,-973.6225725222099,160,0.258519909,6.300298328233346,7.243465686180772,14.3278550258416,3.842401033604753,7.258827481609493,13.330239950099834,3.7269327784991164,7.385358171764516,12.666878818623026,0.0013991428817939397,0.14008499404803926,1.5475427732278941,0.2670104681973261,0.0014910281248574184,0.14579346590342906,1.6044693507549634,0.2670104681973261,5000,125,ppv,/gpfs/loomis/project/fas/kklee/jd848/ppv/3k/r1/recal
47,1114.5,3017,74.4954248730185,-1057.1356321609626,160,0.258519909,7.33067680118927,6.11643812416495,14.34083926926518,3.7965869152167184,6.137045789226404,12.549251900212482,4.15439126016193,6.239958556585366,12.579356487517172,0.001144694013818179,0.14605501790733177,1.7320542528880147,0.23717207122948944,0.0015846424482975443,0.1505008162746696,1.6498073305631022,0.23717207122948944,3000,75,ppv,/gpfs/loomis/project/fas/kklee/jd848/ppv/3k/r1-1.05/recal
48,738.63,3946,458.71229432458875,-599.5058584005626,160,0.34469321199999997,13.0968650018145,11.19061885824422,22.465906713609247,9.257652290752732,11.232343000570193,19.029599844837477,8.891118179680474,11.351412025859467,20.275527619222398,0.0017814119194157329,0.18818514701635228,1.5333454333410435,0.38915784127116587,0.0021899699586058288,0.17890830145625547,1.7940822039619744,0.38915784127116587,1755,43,ppv,/gpfs/loomis/project/kklee/jd848/ppv/4k/r1-738/recal
49,738.63,4990,468.333458974958,-577.6841426439,160,0.430866515,18.178799333750742,12.508804422040882,27.54591701412964,10.21115236242441,12.526496209178385,22.674920502293155,10.144525044745087,12.535115756974797,22.75931687604408,0.0030367677558329345,0.25276084578742014,2.8210974323513325,0.45110052117851723,0.0021575101050550338,0.2116669014695011,2.0796482337366546,0.45110052117851723,1000,25,ppv,/gpfs/loomis/project/kklee/jd848/ppv/5k/r1-738/recal
50,939.1,4990,191.65830607524884,-909.4463794320375,160,0.430866515,18.92128993773861,9.740287995177507,26.550343991861805,7.599030927243523,9.781564112006363,20.556188266382634,6.913865097743673,9.666073701458815,20.56903271157708,0.0014222968230145905,0.20904068130414047,2.325738863019671,0.39565037369038253,0.002513116110666485,0.205943425092875,2.3190655830885425,0.39565037369038253,1000,25,ppv,/gpfs/loomis/project/kklee/jd848/ppv/5k/r1-939/recal
51,1078.16,4990,105.40685552933597,-1000.428050494125,160,0.430866515,18.906309492951326,8.282430663094733,26.596074135880826,6.390850503057987,8.312058041108424,18.20177747786034,9.061114757691135,8.194970676369795,18.365624735292577,0.001571114450829174,0.22868964465413708,1.837693611051083,0.29144385481678586,0.003948883051544764,0.21840691409858481,1.9612263868409698,0.29144385481678586,1000,25,ppv,/gpfs/loomis/project/kklee/jd848/ppv/5k/r1-1078/recal
52,962.75,3946,164.8018089020269,-952.2047981309126,160,0.34469321199999997,10.012101403242168,8.440664877763103,18.97456761888893,5.616120482614548,8.471345731985283,17.07967579031699,5.338364236203771,8.52499229566047,15.464632907290547,0.0025942812149190248,0.17787256047094283,1.9394113621956488,0.3119414174814346,0.002829158827404546,0.17253615576099618,1.8744600051041462,0.3119414174814346,3000,75,ppv,/gpfs/loomis/project/fas/kklee/jd848/ppv/4k/r1/recal
53,1114.5,3946,82.52052634725452,-1035.7920841605626,160,0.34469321199999997,9.710803466170802,7.184425301865122,17.785743617980188,5.192280025250843,7.22837638843865,15.230575525411908,5.574695859782122,7.348487753750844,14.558792471918675,0.003057246102085184,0.19184697625139907,1.972596883968043,0.2496819529196133,0.0024953799206929987,0.17954701347277638,1.736828093209616,0.2496819529196133,3000,75,ppv,/gpfs/loomis/project/fas/kklee/jd848/ppv/4k/r1-1.05/recal
54,1000.0,9980,209.65053899110413,-717.2412150269859,160,0.86,29.640023025834324,12.717832887423501,52.787574259288334,14.426928566925634,12.805266906270498,41.134113778700254,11.427754055692025,12.887540774194987,39.36543752072704,0.009877085042119964,0.647914854531689,7.781794722083388,0.6733463005547079,0.010162130852122909,0.520160691606811,4.202697079791941,0.6733463005547079,796,36,pv,/gpfs/loomis/project/kklee/jd848/pv+hf/10k/r3-1000/recal
55,4000.0,9980,-0.03956498485546911,-838.7150486232954,160,0.86,25.358648029127327,6.299687212559205,63.47591633704072,10.486189925644135,6.583437586222741,25.805893463671016,9.333890193724116,4.058000987996112,16.70450963947765,0.006745705562774873,0.3503462388888806,3.0053704911375223,0.06922845206170652,0.001891601548851205,0.25319703065465615,1.7283600612556516,0.06922845206170652,110,5,pv,/gpfs/loomis/project/kklee/jd848/pv+hf/10k/pv/r1-4000/recal
56,4000.0,9980,0.8588111954328821,-826.4437925486666,160,0.86,34.26291792454486,6.465380638755185,59.8302801236422,13.119436071790625,6.696421739540838,24.869632003279527,20.635716777028396,5.688177124067951,34.1480074230604,0.01001944348038677,0.3755487105429653,3.9389160643114782,0.10872587249769528,0.0058534952218092864,0.2350681827889947,2.7144541016559383,0.10872587249769528,93,5,pv,/gpfs/loomis/project/kklee/jd848/pv+hf/10k/r3-4000/recal
57,2300.0,1973,-1.177505012945341,-1109.9556038221126,160,0.17,29.739321138276843,4.044769962135431,45.160953011240125,5.776071040594102,4.153467454636631,17.15103713876637,6.5972502607007115,4.0109112109303195,17.55834218432655,0.005239837431496543,0.2441941073229338,2.7541625556061633,0.19185455897717282,0.005239837431496543,0.2441941073229338,2.7541625556061633,0.19185455897717282,1000,25,pv,/gpfs/loomis/project/fas/kklee/jd848/pv+hf/2k/r3-2300/recal
58,1200.0,1973,58.2438691893463,-1072.6326442324,160,0.17,2.8300668468068233,4.940614836800121,14.704849942443953,2.5169502177139416,4.9489223834588145,14.12577983090522,2.4747410259123876,4.7412305402672565,13.928964122842455,0.002463469803507589,0.1827449638531157,2.2796963794190237,0.3043730201356305,0.002463469803507589,0.1827449638531157,2.2796963794190237,0.3043730201356305,1000,25,pv,/gpfs/loomis/project/fas/kklee/jd848/pv+hf/2k/r3-1200/recal
59,519.0,8007,1422.226484429764,644.0533899374126,160,0.69,17.97128035908542,21.8186713821135,58.58649737499987,11.94293197988862,21.86084044943198,59.38571007475377,10.854371381714396,21.202545390501125,57.25759693409069,0.008009939555353032,0.8772238648395819,11.621598554768955,2.4645781010372927,0.009190400013982001,0.7972579830366343,7.983614402010597,2.4645781010372927,1000,25,pv,/gpfs/loomis/project/kklee/jd848/pv+hf/8k/r3-519/recal
60,738.63,6034,474.8209539447558,-555.9497061406499,160,0.52,16.51034304680948,13.998670957983963,27.722357217216626,14.896067505146444,13.987529197902646,26.680929718699325,17.040906364898873,13.154489109203952,26.124951203107166,0.005630333046948905,0.26316740910159747,2.583446054291241,0.5120605460525632,0.0038333237238729256,0.2177296067344945,2.3606840607994273,0.5120605460525632,500,9,ppv,/gpfs/loomis/project/kklee/jd848/ppv/6k/r1-738/recal
61,939.1,6034,197.40702343666743,-886.988338499725,160,0.52,13.119037042815766,10.686683363284406,22.938593318646312,11.83549673647905,10.693009958213379,23.021231009702245,10.64439853182608,10.449020608088173,20.614101655272016,0.003154060959137036,0.27510718857076316,2.0264522432609233,0.44346153383672327,0.002692966284237115,0.2629357894583472,2.5993059755055117,0.44346153383672327,500,11,ppv,/gpfs/loomis/project/kklee/jd848/ppv/6k/r1-939/recal
62,738.63,8007,488.36069769599817,-510.118564667225,160,0.69,30.98239295767383,16.392765090670594,37.805457302209916,21.46769203521335,16.427722880589844,33.63954971718672,24.030007263341506,15.783415037369803,37.4505502982807,0.003988922688127453,0.3291771935344384,3.8325812380957327,0.8683126562018461,0.004765781169452753,0.33422033309321847,4.003065385700887,0.8683126562018461,500,11,ppv,/gpfs/loomis/project/kklee/jd848/ppv/8k/r1-738/recal
63,939.1,8007,211.04738051786697,-833.9319088329249,160,0.69,23.8185516266547,12.355604269666216,32.16036492354738,12.15243739094651,12.366062962114091,27.566226789306327,10.990330413854966,11.982591186455284,24.47184244254747,0.005323260533815681,0.33420115565399455,4.691327159661722,0.5993643676496183,0.0062075528486907,0.33780827340229846,3.5131150358361074,0.5993643676496183,500,11,ppv,/gpfs/loomis/project/kklee/jd848/ppv/8k/r1-939/recal
64,2100.0,1973,1.0649154008249304,-1105.984062744525,160,0.17,25.318759538202986,3.9805935242323076,65.26536178813312,8.417534813178435,4.0861851368538495,17.869574336555022,7.482607616397382,3.941130916742126,17.956854170373234,0.003160411779482522,0.2294484461302597,2.805732663855462,0.1748501781665839,0.002233862336516546,0.2318470113596603,2.2917908636469986,0.1748501781665839,500,19,pv,/gpfs/loomis/project/kklee/jd848/pv+hf/2k/r1-0g/recal
65,1013.21,1973,122.88114693960863,-1054.377426042825,160,0.17,5.046314503616788,5.703974923246625,10.887195570811901,2.7452467650484236,5.696053240201644,9.830553020144238,2.8876538037550263,5.445537485951031,8.800971372696662,0.0031050435867897657,0.10289984623981507,0.9682794376531616,0.19622262206898938,0.0035532512545362683,0.0978856681737017,1.2409039073810004,0.19622262206898938,500,11,pv,/gpfs/loomis/project/kklee/jd848/pv+hf/2k/r1-140g/recal
66,1000.0,8007,202.01493689333338,-776.8422559792126,160,0.69,16.620162174442648,11.49954360664867,40.15933999230552,14.26755582938144,11.504732180901431,38.90637094098643,18.80172667553352,11.237589596219554,37.07644604024043,0.007036699381498366,0.5016230306490751,5.499514406917642,0.7530700342320414,0.00937012731120626,0.4985252411934296,4.700293491088504,0.7530700342320414,1000,44,pv,/gpfs/loomis/project/kklee/jd848/pv+hf/8k/r3-1000/recal
67,3300.0,8007,6.793183672092921,-869.0888835168222,160,0.69,17.29740982498562,6.161063820932262,26.81663782532122,12.980297553506405,6.036000984756261,24.363900944353695,13.440854922500995,5.5087314243689365,20.498344498538838,0.020754384392118398,0.36780815596557,3.994091051343178,0.12978677675259076,0.00760456187822736,0.3346504938036404,2.6732156600168855,0.12978677675259076,294,9,pv,/gpfs/loomis/project/kklee/jd848/pv+hf/8k/r3-3100/recal
68,519.0,6034,1400.2039442900982,594.8024023933626,160,0.52,20.750375679371608,18.787637987131987,50.564625516538094,10.603907725156994,18.890501007013302,48.3394454525659,7.856920322023615,18.513775543475315,45.90836299943665,0.00889947166654461,0.7181138535630293,7.06160463716063,1.9337246718732486,0.011580344876890926,0.6963286241855499,6.263997936763652,1.9337246718732486,1000,24,pv,/gpfs/loomis/project/kklee/jd848/pv+hf/6k/r3-519/recal
69,1000.0,6034,183.8114121845833,-845.9456652997875,160,0.52,22.65134639526635,10.014205374376742,41.282502211669176,13.438659444045063,10.021487287495384,38.20334186416795,17.100994690574428,9.78680090262999,38.25196293207116,0.009610100049871933,0.3893634029520431,5.297432378713171,0.7674169133867079,0.009864593799929492,0.45606747689630683,4.789839668260299,0.7674169133867079,1000,43,pv,/gpfs/loomis/project/kklee/jd848/pv+hf/6k/r3-1000/recal
70,3100.0,6034,6.344636415586875,-911.8643405008884,160,0.52,25.269351391154032,5.879782183649018,26.81933014576293,11.473631557582628,5.7087699581206515,22.484464062899296,13.708330397525629,5.116007175680812,22.52084705941388,0.006886801422703111,0.334296394400825,5.468501602165166,0.18620023584821963,0.004279804513388376,0.3788539134892544,3.6027284609936614,0.18620023584821963,492,8,pv,/gpfs/loomis/project/kklee/jd848/pv+hf/6k/r3-3100/recal
71,1013.21,8007,166.3338609808388,-878.22362974375,160,0.69,34.61617982670449,11.741140026960238,40.27920300033802,11.950250511353289,11.767338163964384,31.344907454850723,8.167683133781159,11.023398994431226,27.178598047224824,0.003182790039866756,0.3752854983905698,4.972273941929863,0.6492874094393907,0.007592528887228256,0.3394086572203321,4.106067256115619,0.6492874094393907,500,10,pv,/gpfs/loomis/project/kklee/jd848/pv+hf/8k/r1-140g/recal
72,1013.21,6034,144.7985384577111,-966.471741626225,160,0.52,21.127118287538877,10.217134471742899,27.657686056710936,7.6754923405443085,10.2304948836274,23.536739913331996,17.586805909043008,9.5026529721145,24.410397519901085,0.0037583198909248968,0.22714912348787755,2.527521371325568,0.45834774993018274,0.0034462378164354067,0.2746533865945492,2.898572589798962,0.45834774993018274,500,12,pv,/gpfs/loomis/project/kklee/jd848/pv+hf/6k/r1-140g/recal
73,519.0,9980,1472.8624728242312,642.4392849730875,160,0.86,30.171876373155236,26.220909798695576,55.98079246112953,15.546388047085252,26.254240861129464,53.02628281774543,15.301435477445649,25.861102970708167,55.8865902377595,0.006394668031684573,0.5028276694555276,7.03508367251912,1.2336315033164742,0.005528596788275007,0.4591092247035417,3.9961558663960384,1.2336315033164742,1000,25,pv,/gpfs/loomis/project/kklee/jd848/pv+hf/10k/pv/r1-519/recal
