,vol,T,P(GPa),E(eV),N,sigma(eV),Est_all,Fst_all,Vst_all,Est_eq,Fst_eq,Vst_eq,Est_tr,Fst_tr,Vst_tr,Eaerr_test,Ferr_test,Verr_test,Verr_test(GPa),Eaerr_tr,Ferr_tr,Verr_tr,Verr_tr(GPa),Ndata,Ntrain,phase,path
0,4033.36,4990,85.93633161041606,-3296.969594809478,540,0.43,15.720689998849576,7.972514841195067,52.61152393106182,14.99554941531634,7.984117715025377,52.80834495076584,14.784544068125555,7.806657428027864,49.02999532826625,0.0028613530051152325,0.35813506574711745,7.868625488165724,0.31256639117187923,0.0028613530051152325,0.35813506574711745,7.868625488165724,0.31256639117187923,934,46,pv,/gpfs/loomis/project/kklee/jd848/pv+hf/5k/60g/r3-333/cont1/recal
1,2390.14,4990,85.46907856677804,-1953.1296584953723,320,0.43,98.78367748646072,7.925097109187225,72.31773009822273,13.1486648279216,7.975971765921361,41.15417583295015,12.371507726107376,7.918479982841316,40.66703962570302,0.015503812815970163,0.5602351877697823,16.38750281425811,1.179055958857131,0.01631112389228042,0.594214315747723,17.589251852243624,1.179055958857131,2552,127,pv,/gpfs/loomis/project/kklee/jd848/pv+hf/5k/60g/r3-320atoms/recal
2,597.53,4990,84.57505430327213,-489.9284760895979,80,0.43,15.471823964375174,7.9370389727829975,22.18959832220052,5.838709275090181,7.9488819279347265,20.62121002129126,5.738031313837871,7.961203476359975,20.36546780762315,0.016547376995931385,0.3978439901964313,3.4619375185188965,0.9763801466530385,0.014245184505483895,0.40628180104341705,3.6413989659784085,0.9763801466530385,6000,300,pv,/gpfs/loomis/project/kklee/jd848/pv+hf/5k/60g/r3-80atoms/recal
3,149.38,4990,88.24720019045117,-126.8200702577125,20,0.43,4.033882738696469,8.318205996014239,10.28862642030553,2.8429978925289725,8.346574692446099,9.307362879159609,2.832816095693021,8.292626494946736,9.375469966464827,0.01834751043615626,0.26177956898711185,1.100525661347051,1.2310353563269614,0.018850095340689082,0.2693815323721222,1.147763980205256,1.2310353563269614,8000,400,pv,/gpfs/loomis/project/kklee/jd848/pv+hf/5k/60g/r3-111/recal
4,1238.09,3017,57.309279805611794,-1061.01897428773,160,0.258519909,4.3718194742942345,6.0059290359620485,22.089245716374478,4.359748686214847,5.993903450218484,22.06025900769399,4.2035890318012195,5.91737228546638,21.569893018780743,0.0030843885288957098,0.2374134699807329,2.7068461887544446,0.3660900476243504,0.003385770574343109,0.2403178541543103,2.8289791598438976,0.3660900476243504,5000,125,pv,/gpfs/loomis/project/kklee/jd848/pv+hf/3k/solid1.5/r3-3k/recal
5,1238.09,3017,38.504126335865294,-1109.7453202048,160,0.258519909,9.310198753866878,5.57553676394371,14.679616466523978,3.898781631118095,5.630066016197329,11.52519704896746,3.9336438203438555,5.501617509114023,12.088910170690694,0.0015465393243842614,0.17395540750945174,2.0044167643360393,0.29340533776080546,0.0024372532054012805,0.1637661908119962,2.267304427690945,0.29340533776080546,2000,50,pv,/gpfs/loomis/project/kklee/jd848/pv+hf/3k/solid1.5/r1-3k/recal
6,2100.0,1044,3.9497842010707007,-1145.3102044247346,160,0.09,16.354594622193396,3.0441222675174204,23.922443321262705,2.964145368608613,3.16544072128623,14.367968980131973,4.899964381858283,3.075910383166118,14.163730939564253,0.03473501116271731,0.26140082785356394,2.1376771820872342,0.2537878291810156,0.029712770173248602,0.2796116227366159,3.3264400089299615,0.2537878291810156,894,44,pv,/gpfs/loomis/project/kklee/jd848/pv+hf/1k/r1-2100/recal
7,939.1,1044,191.28416012629486,-921.75185041245,160,0.08617330299999999,18.020580036198403,4.7295235862668985,26.5291041223981,9.9013705746388,4.792503246635262,22.30546077565818,10.050049117452405,4.377812794543009,21.97645610886352,0.04765625249831928,0.5436798959182298,10.692621753471618,1.8824765685222826,0.048975438249253524,0.5738114206968097,11.03395045557811,1.8824765685222826,1000,50,pv,/gpfs/loomis/project/kklee/jd848/pv+hf/1k/r1-939/recal
8,2100.0,1044,-0.7611806845981255,-1141.794064095175,160,0.09,20.302584168201175,2.8257126095338654,41.55331101946585,3.7326643516517963,2.919547607627459,15.92464596266197,3.882061806762123,2.9170000481377,16.58228550559422,0.03203880854029982,0.24013889509145897,3.1621364460935166,0.2156954976999266,0.02236074866184461,0.2576972635967783,2.8271573763426487,0.2156954976999266,1000,50,pv,/gpfs/loomis/project/kklee/jd848/pv+hf/1k-solid/r1-2100/recal
9,939.1,1044,168.43745330969062,-1012.0980574834501,160,0.08617330299999999,6.026288149778381,4.368379486939206,20.844379973130806,5.907698789971679,4.407986655716397,19.435214553211058,6.3815869355855215,4.4657811634630695,19.610534816767693,0.011109390479745625,0.1245849252089792,3.702905241705354,0.7527127221633485,0.011583254024218819,0.11664047727902906,4.411951268085815,0.7527127221633485,1000,25,pv,/gpfs/loomis/project/kklee/jd848/pv+hf/1k-solid/r1-939/recal
10,518.76,1044,1400.5703745547366,457.39972427102504,160,0.08617330299999999,17.73736507891026,8.109182050567059,39.8780878242705,16.492217173498368,8.259381516125517,24.87793256180739,16.55217639263902,7.520476912920853,27.31559570466792,0.00958947988341682,0.3761115203888022,15.193292393074332,4.701865720009438,0.014563726113777393,0.37418367237897066,15.223913701188467,4.701865720009438,1000,25,pv,/gpfs/loomis/project/kklee/jd848/pv+hf/1k-solid/r1-518/recal
11,347.53,1044,4001.8237590242707,3042.9860460699,160,0.09,26.70272860697276,10.786653116280709,147.7109319602246,12.188847215496413,11.418993625035746,31.660003489191944,10.978673913690827,10.885454241876026,29.574929975263974,0.15193671883159546,2.0290801105157295,38.297291016148904,20.96465573226324,0.14609508998052503,2.0043576994646726,45.47467933339003,20.96465573226324,1000,25,pv,/gpfs/loomis/project/kklee/jd848/pv+hf/1k-solid/r1-347/recal
12,218.85,1044,12204.499044462436,8811.852133714687,160,0.09,66.42033092049472,19.048758872200555,167.59348930965862,31.652002702662383,19.99515520829719,34.861626380011856,20.473791045225845,15.099174702320482,25.541993240840505,13.61379971190657,10.819954062452544,6071.841452548277,4560.566530401683,13.579873858905236,10.418108794517218,6229.525335852462,4560.566530401683,1000,25,pv,/gpfs/loomis/project/kklee/jd848/pv+hf/1k-solid/r1-218/recal
13,518.76,3017,1414.094879027639,485.12502283284994,160,0.258519909,12.403659965263788,13.548397047563336,44.93857191112694,8.635511918332007,13.773985625096508,28.640819663276467,8.365336023104268,13.145428029393196,33.71612500116865,0.03455791401845809,0.42587127577317685,10.592692606128923,2.7727126175482235,0.02506147233521964,0.42774415556432727,8.977614445285734,2.7727126175482235,1000,25,pv,/gpfs/loomis/project/kklee/jd848/pv+hf/3k/300g/r1-518/recal
14,518.76,3946,1425.5363373510681,506.13050840578757,160,0.34469321199999997,10.404369375261394,15.991063845651597,47.33405663658176,7.273987613402362,16.246429115093317,31.96529422257653,8.162888236804715,15.8993520025021,39.08580576831401,0.028586628178746753,0.44836085251727864,9.185745631204732,2.9152982244179197,0.027651638345573513,0.4565877601504771,9.439284578649621,2.9152982244179197,1000,25,pv,/gpfs/loomis/project/kklee/jd848/pv+hf/4k/300g/r1-518/recal
15,518.76,4990,1437.5460557940876,527.9058479703125,160,0.430866515,8.353191288817683,18.24316811158057,49.815101410494336,5.248080079570408,18.556511318309227,35.35159416436488,6.47900612461776,18.157721887572816,29.736122069465313,0.02047525994004925,0.4766394078523112,8.499711406830222,2.8663357250544665,0.0224629248719194,0.4961375028273843,9.280751581475423,2.8663357250544665,1000,25,pv,/gpfs/loomis/project/kklee/jd848/pv+hf/5k/300g/r1-518/recal
16,738.63,1044,431.0611389318995,-662.9721451021625,160,0.08617330299999999,3.5887225348475265,5.662075899501406,26.853960140296802,3.229932721509748,5.631114010949129,24.500694350169496,3.241924013140402,5.843602852280449,32.49884725476209,0.03491986686642249,0.10226261348070972,3.97257106389898,1.179885927724848,0.0343728282476938,0.10210455418180588,5.439469852956953,1.179885927724848,1000,25,ppv,/gpfs/loomis/project/kklee/jd848/ppv/1k/r1-738/recal
17,518.76,1044,1377.981173016779,428.13409177076255,160,0.08617330299999999,6.78189015352199,8.043793913130232,47.53568376793157,5.866031552527781,7.875247654879046,42.2140250266453,5.7065121052755385,7.441796223800677,40.19495221013776,0.049205745904950894,0.3932543821048668,14.918348937464417,4.074210297050437,0.047892776670237634,0.37027003438720524,13.191662556170314,4.074210297050437,1000,25,ppv,/gpfs/loomis/project/kklee/jd848/ppv/1k/r1-518/recal
18,1078.16,1044,74.0874173704731,-1085.3525334442875,160,0.08617330299999999,4.256740716815197,3.517171018753499,9.296802459511573,2.126446023383058,3.5246554284715073,7.879524304410158,1.9737263159349834,3.518227214259557,7.135661977983052,0.004228181944579863,0.11425696968377708,4.7212296497623285,0.7690400418456722,0.004359878434118912,0.10727308280560838,5.175136128888956,0.7690400418456722,1000,25,ppv,/gpfs/loomis/project/kklee/jd848/ppv/1k/r1-1078/recal
19,939.1,1044,158.50765121710987,-994.3693895472124,160,0.08617330299999999,4.4448145670172154,4.134273364417829,11.174988154045407,3.212160280921192,4.1343170562401665,8.60874934451372,2.741433064288181,4.169264459222363,8.469516082450024,0.011556663285886835,0.1121389967118198,3.7009294968155366,0.7478264139268384,0.011226821521432855,0.1105076618623983,4.383310655026467,0.7478264139268384,1000,25,ppv,/gpfs/loomis/project/kklee/jd848/ppv/1k/r1-939/recal
20,1500.0,1044,5.941488782314266,-1125.94514261755,160,0.08617330299999999,5.645115389389295,2.875951151047521,48.29073171673677,4.342618851415279,2.94548539092438,33.99642192888974,2.572045281979513,2.984398021280685,38.33763684502925,0.005235413782107545,0.2289697131736338,3.9897165300409116,0.823292834604161,0.005409265274899704,0.21180372296563474,7.707884610684251,0.823292834604161,1000,50,ppv,/gpfs/loomis/project/kklee/jd848/ppv/1k/r1-1500/recal
21,518.76,1973,1389.5757517411557,449.0318730211875,160,0.17234660599999999,5.189354055105529,11.587523400508191,48.99051446981584,3.819473741880038,11.41553949850104,38.04071231768757,5.007013152718903,11.589074683706421,51.35109583363083,0.02281304794440813,0.4099046351925328,15.54891623541246,4.366932476896882,0.02195134677584961,0.4096506521753844,14.139451682823026,4.366932476896882,1000,25,ppv,/gpfs/loomis/project/kklee/jd848/ppv/2k/r1-518/recal
22,1500.0,1973,14.48759025827057,-1106.7610787696874,160,0.17234660599999999,6.503973450889339,4.251199467933893,41.1835311413205,4.019154069910259,4.339870692420222,25.91718486953477,2.9493041439753123,4.267040657394236,31.046686726481227,0.012160208180075049,0.26733121826841366,4.598942620160826,0.5934543704298556,0.008188741711922767,0.24825726075989735,5.556076303249871,0.5934543704298556,1000,50,ppv,/gpfs/loomis/project/kklee/jd848/ppv/2k/r1-1500/recal
23,518.76,3017,1400.510097696842,470.38747445836475,160,0.258519909,5.2678430114068115,14.114936203820676,34.915646513705624,3.6186817297567626,14.02125240424257,21.868717288611155,3.7639024365178813,14.089257084576522,26.429993493361994,0.007839215792328689,0.439632406147203,12.540654839125478,3.7059945138637467,0.0071987971263486605,0.42902492459684544,11.999436822714355,3.7059945138637467,2056,51,ppv,/gpfs/loomis/project/kklee/jd848/ppv/3k/r1-518/recal
24,1500.0,3017,22.56785816307275,-1080.4154007842958,160,0.258519909,7.414886063441326,5.275164804973149,37.4945474895992,5.386040808187824,5.347731419158072,25.647383577943792,5.041382120525412,5.369334733219948,26.45683295696656,0.012124866838733346,0.282953405947662,3.903106340052902,0.4855684935736308,0.013225323350101317,0.28187056704722535,4.546020275821804,0.4855684935736308,1393,69,ppv,/gpfs/loomis/project/kklee/jd848/ppv/3k/r1-1500/recal
25,1281.42,3017,29.43357232123814,-1085.030606031721,160,0.258519909,6.690450114058954,5.29448930288515,16.364312874292384,4.264805232777372,5.300943543382411,14.197663324948033,4.282158335004054,5.425004930382557,13.795752412549888,0.002112998048027794,0.21854542198614657,5.783298413276328,0.697553293206926,0.0023132225670708774,0.20986427803430305,5.579027489084799,0.697553293206926,3000,75,ppv,/gpfs/loomis/project/fas/kklee/jd848/ppv/3k/r1-1.1/recal
26,518.76,3946,1411.9553298779308,491.9456152912979,160,0.34469321199999997,9.853233688396035,16.32662581687978,35.06679436112571,8.416207546265978,16.270395685766253,25.63036046564502,7.592825184028705,16.45940471463466,28.113501872539075,0.0054024116820308036,0.46606642290252376,10.235370205327587,3.0466353724484634,0.005618652489942425,0.4736416554992313,9.864533942719762,3.0466353724484634,2022,50,ppv,/gpfs/loomis/project/kklee/jd848/ppv/4k/r1-518/recal
27,1500.0,3946,27.3428373929884,-1052.4902433934749,160,0.34469321199999997,9.590137700773266,6.105699373020735,33.800867773006075,5.858737008563579,6.157033425434117,23.01328986371493,6.036232478060829,6.190443353337898,21.49394546866415,0.008108559606988256,0.30362252380925975,4.4408372393102535,0.5698102239797029,0.010952325248951693,0.30101276928108656,5.334713569486349,0.5698102239797029,1266,63,ppv,/gpfs/loomis/project/kklee/jd848/ppv/4k/r1-1500/recal
28,518.76,4990,1423.0019887331455,514.0569730122,160,0.430866515,16.746226864215572,18.26162591277227,40.21860222923324,13.260733350605534,18.152147770575997,28.908923865417865,13.022006903270654,18.316391138887518,31.25214546140431,0.0070882001910445025,0.5067813053393516,9.67059644268442,2.5522233761027953,0.007298672845901945,0.5168718770816778,8.263704396872235,2.5522233761027953,1000,25,ppv,/gpfs/loomis/project/kklee/jd848/ppv/5k/r1-518/recal
29,1281.42,3946,37.802629563314774,-1062.1630234464208,160,0.34469321199999997,9.001800209537167,6.232538352631191,21.76919023060602,5.672227835595352,6.259594414232501,18.584454620262605,7.501613248465324,6.393338783087893,20.11269220285478,0.0037635985687533187,0.24243442420020217,4.640022183484974,0.5766189032806757,0.002730145233258793,0.23584854962088042,4.611794888587126,0.5766189032806757,3000,75,ppv,/gpfs/loomis/project/fas/kklee/jd848/ppv/4k/r1-1.1/recal
30,519.0,9980,1456.4646816550462,622.777959257,160,0.86,31.355234899952993,25.472935559443922,49.3124332715856,12.542020704893403,25.50595417378604,45.37290770009443,14.584917267802552,24.762554939849302,38.84464720292148,0.035856967386584906,0.7308815890373458,10.35579271135385,3.15087124414367,0.041205238313516475,0.6986564872901768,10.206753453274237,3.15087124414367,1000,25,ppv,/gpfs/loomis/project/kklee/jd848/ppv/10k/r1-519/recal
31,519.0,9980,1472.8624728242312,642.4392849730875,160,0.86,30.171876373155236,26.220909798695576,55.98079246112953,15.546388047085252,26.254240861129464,53.02628281774543,15.301435477445649,25.861102970708167,55.8865902377595,0.04002524724109402,0.7080518006902377,8.398252075529813,3.3940696694133385,0.041486770981316444,0.7108754411791327,10.994556627258476,3.3940696694133385,1000,25,pv,/gpfs/loomis/project/kklee/jd848/pv+hf/10k/pv/r1-519/recal
32,218.85,9980,12224.709662738582,8948.813521518325,160,0.86,56.64868978172241,51.228411524914485,175.40076371393107,19.99417339438517,51.55061997588648,103.58541530880315,22.339884082917628,50.77382682896788,97.66287581173505,14.750315028485687,19.14327888044619,6254.004155120774,4638.044768180215,14.729559525893077,19.70836927138304,6335.357065748541,4638.044768180215,1000,25,pv,/gpfs/loomis/project/kklee/jd848/pv+hf/10k/pv/r1-218/recal
33,126.65,9980,39455.477291771844,21675.447244741623,160,0.86,149.97542296172048,82.07305901731812,233.1752156989698,52.95580370620617,83.89834790314563,134.55449809239147,55.404954387075854,82.94199306964762,135.04994946385617,87.46885066658898,38.01475994536978,17719.60755023333,22498.046066665112,87.81082096388587,38.04180557557358,17784.415883689424,22498.046066665112,909,45,pv,/gpfs/loomis/project/kklee/jd848/pv+hf/10k/pv/r1-126/recal
34,347.53,4990,4167.25706643017,3155.0098988170125,160,0.43,20.992336197702425,25.220764853599665,87.51006686668912,11.638876445476999,25.774974917281043,52.699739635448,14.266754833985313,25.144758510624516,59.643138511450886,0.021533163890989353,1.1733191728629242,18.935936817883036,11.294491746093739,0.017951241773636863,1.148226773499581,24.499013813845544,11.294491746093739,1000,25,pv,/gpfs/loomis/project/kklee/jd848/pv+hf/5k/4000g/r1-347/recal
35,218.85,4990,12185.170464368099,8857.374304127625,160,0.43,70.92800322703772,34.90289024782468,185.70318173761083,22.175377778469358,35.89164886457298,79.14445698282086,29.9519924166857,34.279228532504604,76.54659702756192,14.013597589922275,14.883256054213719,6262.37662381909,4625.2373621646975,14.028153611612083,14.866024632056646,6317.86273478585,4625.2373621646975,1000,25,pv,/gpfs/loomis/project/kklee/jd848/pv+hf/5k/4000g/r1-218/recal
36,126.65,4990,39394.1240622954,21524.850774912276,160,0.43,153.64782685800012,57.00239572865292,256.277026529289,28.80956912088349,59.58471086144589,119.69597232008475,36.43371582945924,58.874733284939886,126.32330353944822,86.26876802970686,26.941203472543528,17778.221177637162,22490.696202558953,86.58205268349347,26.77259549283401,17778.605910700426,22490.696202558953,1000,25,pv,/gpfs/loomis/project/kklee/jd848/pv+hf/5k/4000g/r1-126/recal
37,4000.0,9980,0.25695389489411546,-849.1094167602631,160,0.86,29.198999833044073,6.447269608851899,62.334303350305355,12.216282805709,6.726175314192818,26.397866174139843,12.426788864400182,6.695201633991207,27.443805420480025,0.0013481240956970454,0.3340644796173082,6.372665195819593,0.15731823314914037,0.0060752418488448905,0.3077906446537985,3.927612751472759,0.15731823314914037,94,5,ppv,/gpfs/loomis/project/kklee/jd848/ppv/10k/r1-4000/recal
