,vol,T,P(GPa),E(eV),N,sigma(eV),Est_all,Fst_all,Vst_all,Est_eq,Fst_eq,Vst_eq,Est_tr,Fst_tr,Vst_tr,Eaerr_test,Ferr_test,Verr_test,Verr_test(GPa),Eaerr_tr,Ferr_tr,Verr_tr,Verr_tr(GPa),Ndata,Ntrain,phase,path
0,2400.0,3017,-0.24877730979227586,-1072.7124468605193,160,0.258519909,4.949513435234956,5.293090295512439,20.9447689623515,4.200830358552729,5.297644205959897,19.858850494035245,4.6408840038007995,5.017740380624912,25.33201018101747,0.003128940005541549,0.347569260382388,2.986711772009726,0.18357145881801568,0.006109894971359541,0.35745185434540905,2.749831045114434,0.18357145881801568,192,9,pv,/gpfs/loomis/project/kklee/jd848/pv+hf/3k/solid0/r3/cont1/recal
1,1273.0,3017,30.68051270028387,-1112.2429808273437,160,0.258519909,7.094164588948429,5.437980490384499,14.005548389745007,3.9728301613068364,5.460358575081179,12.19893325579332,3.6652764538380587,5.411631101659277,12.464151177630722,0.0022290962137973373,0.1748935534483071,2.2528738282867193,0.26780276245851165,0.00252081376463836,0.17702379523927583,2.127811080150829,0.26780276245851165,4000,100,pv,/gpfs/loomis/project/kklee/jd848/pv+hf/3k/solid1/r1-k111/recal
2,1273.0,3017,63.50039960196241,-1059.442863665585,160,0.258519909,18.31708010445711,5.897630151137425,25.976925764835368,5.3337273112456565,5.915310631494039,23.50775248716978,5.188586450743103,5.933803616503682,23.44519508774029,0.008005622427698974,0.27322675458024176,3.1178695384146935,0.39177268441322594,0.005463736642143204,0.2634811001518464,3.112806795352014,0.39177268441322594,5000,250,pv,/gpfs/loomis/project/kklee/jd848/pv+hf/3k/solid1/r3-3k/recal
3,1195.07,3017,49.91524620009806,-1103.5472277943688,160,0.258519909,7.341197093616467,5.825566652892488,13.175054895487094,3.9027614283246015,5.844098315982107,11.644227462749637,4.099108148933255,5.820699007779654,12.141273776024457,0.0019301972612124937,0.16380819662045204,2.1177106653637763,0.24832346526195231,0.001646368966691457,0.15972747993503594,1.8522547375733205,0.24832346526195231,4000,100,pv,/gpfs/loomis/project/kklee/jd848/pv+hf/3k/solid2/r1-k111/recal
4,1195.07,3017,68.35097629661001,-1046.598630079486,160,0.258519909,4.311472915155993,6.149660538773672,22.50861932200741,4.149120172771598,6.16405306303325,21.4980515732688,4.361609880312205,6.1070661215228315,21.030137181805685,0.0027941589972121277,0.24363152711862165,2.8398461849309125,0.36909423854672796,0.0032922667431186958,0.24203621002093348,2.753088803903474,0.36909423854672796,8000,200,pv,/gpfs/loomis/project/kklee/jd848/pv+hf/3k/solid2/r4-3k-re/recal
5,1078.16,3017,92.66785247400873,-1068.7337568920154,160,0.258519909,4.189751310440448,6.584300569192246,12.736684191415995,3.947916645711793,6.582406245525399,12.347540997538095,3.8216814182836925,6.488381968014639,11.987515592056015,0.0013245425730346867,0.1431602009396457,1.6922387757938517,0.2582119532501858,0.0015097455732408656,0.14328041903238442,1.7375974402698033,0.2582119532501858,4000,100,pv,/gpfs/loomis/project/kklee/jd848/pv+hf/3k/solid3/r1/cont2/recal
6,1078.16,3017,110.02317251469044,-996.2701689036453,160,0.258519909,4.667142413497923,6.764588085759682,24.11063215584304,4.229572044023271,6.758396056027782,22.997805127273544,4.096105976367632,6.749742719528516,22.421610578499553,0.005561282674754367,0.2549588378858971,3.1524376784851675,0.4341905630040958,0.004131035487095402,0.25374223912750643,2.9218183022465434,0.4341905630040958,8000,200,pv,/gpfs/loomis/project/kklee/jd848/pv+hf/3k/solid3/r3/recal
7,1013.21,3017,128.5655244079966,-1033.17494377412,160,0.258519909,4.1219141235020675,7.127654934290565,13.120546813586998,4.169580243327899,7.103632247658712,13.131576585337587,4.400334236437352,6.993133777712787,13.288838923064008,0.0019936009296046423,0.14548782778016317,1.6645507016180994,0.2647374218174114,0.0018342875059909787,0.14291075708174678,1.6741887234984387,0.2647374218174114,5000,125,pv,/gpfs/loomis/project/kklee/jd848/pv+hf/3k/solid4/r1/cont1/recal
8,1013.21,3017,141.9612303387984,-958.3526346010485,160,0.258519909,5.9371863749612555,7.1289013411128845,26.781565724659224,4.844395409995625,7.136549315513906,23.610973568162876,5.000768006259169,7.095344589773921,24.53200950378255,0.00356733282799011,0.26297657777528977,3.2505641891252273,0.4845323116689064,0.0033496677344516702,0.2620242628996218,3.064162696750123,0.4845323116689064,8000,200,pv,/gpfs/loomis/project/kklee/jd848/pv+hf/3k/solid4/r3/cont1/recal
9,518.76,3017,1361.5463718030533,530.8505268760833,160,0.26,5.376451437638785,13.321189600428177,39.40102017136653,4.334332487481127,13.342498693735804,37.11325978440794,6.549402083676847,13.295250572254679,38.00210206216436,0.008341995294403968,0.582608011774056,5.225128152528172,1.5909983659319602,0.008249341429107482,0.5848842187480653,5.151406540302349,1.5909983659319602,6000,150,pv,/gpfs/loomis/project/kklee/jd848/pv+hf/3k/300g/r3-0.8/recal
10,738.63,3017,452.2798437597988,-550.6152845059646,160,0.258519909,4.878771875773248,9.447598070936587,23.901809586910247,4.212599424451146,9.45872273507875,23.75946982484458,4.662040691559038,9.392740692550085,23.17028549968204,0.004132402836270085,0.36347879433951014,3.3471084930424166,0.7121997212514933,0.0035024051802465712,0.3553668542770121,3.283358858683894,0.7121997212514933,6000,150,pv,/gpfs/loomis/project/kklee/jd848/pv+hf/3k/300g/r3-0.9/recal
11,868.7,3017,257.7754977845091,-801.647669387825,160,0.258519909,4.582263459355263,8.065281519962463,22.97345474611195,4.166388419759914,8.072337264861774,22.841409167969232,3.8723530322092636,8.019595852339569,23.269374648083385,0.004529957510047531,0.3274089111258047,4.070785312249802,0.6907421687431536,0.004724602193352504,0.3286820786316023,3.745203332748429,0.6907421687431536,6000,150,pv,/gpfs/loomis/project/kklee/jd848/pv+hf/3k/300g/r3-0.95/recal
12,939.1,3017,195.0890569863202,-893.198707905473,160,0.258519909,4.970171848939024,7.561415181104999,25.50019675371707,4.073245658843902,7.585007516252399,24.40316726432508,4.442921486314193,7.547836935591214,24.2776592078856,0.003981666818951854,0.29589380273042415,3.8808097009661155,0.5838745001837338,0.0042862461212080805,0.2875287171442599,3.4223227077721217,0.5838745001837338,6000,150,pv,/gpfs/loomis/project/kklee/jd848/pv+hf/3k/300g/r3-0.975/recal
13,1013.21,3017,128.30397087697298,-1032.7578093532625,160,0.258519909,14.878101980554696,6.919684451952792,16.44345259521424,7.2985879137449965,6.966864809184793,13.041148098251735,8.030663836040027,6.932904603525319,12.921604890481813,0.0017611336433063806,0.1307518965189974,1.6468711993440042,0.2890594350906512,0.0015596980161589583,0.15194320707959708,1.8280001494589198,0.2890594350906512,1000,25,pv,/gpfs/loomis/project/kklee/jd848/pv+hf/3k/300g/r1-1013/recal
14,738.63,3017,459.42018865970965,-624.344359090101,160,0.258519909,16.88103048709677,9.111969453897826,59.44461089453534,17.06253310841743,9.353041120141782,57.63595871998194,17.359587457542048,6.808564701685495,89.11909314596954,0.0031188197536110352,0.19256576563022043,3.637349439384757,0.822149850185407,0.008477493613734885,0.13051585043509237,3.7902471922179677,0.822149850185407,123,3,pv,/gpfs/loomis/project/kklee/jd848/pv+hf/3k/300g/r1-738/recal
15,1488.78,3946,28.843348066835752,-1054.9803857134916,160,0.34469321199999997,6.443795536007407,6.229552468966257,25.08237312497988,6.393069766684446,6.226034845511581,24.96942858017452,6.363059763301534,6.194106185587787,24.921723043713907,0.005642291713841327,0.3036432983928699,3.593344546712284,0.37821106932442256,0.006900723255722531,0.2998853780467507,3.5144257410750366,0.37821106932442256,6000,217,pv,/gpfs/loomis/project/kklee/jd848/pv+hf/4k/25g/r3-4k/cont1/recal
16,1078.16,3946,116.52377966036532,-975.8447512411708,160,0.34469321199999997,6.935022055917417,7.739232649791236,26.57644666474729,6.118561977463226,7.751718544036507,25.646684066383315,6.078132406893352,7.7694428577213595,26.421786720317815,0.004199917754380433,0.27926644521810917,3.1202990842882015,0.4636853753385587,0.004199917754380433,0.27926644521810917,3.1202990842882015,0.4636853753385587,6000,300,pv,/gpfs/loomis/project/kklee/jd848/pv+hf/4k/100g/r3/recal
17,1013.21,3946,149.94907417998212,-931.4076809677272,160,0.34469321199999997,7.7234569107210715,8.198281525085207,29.648270824105747,6.505116140952943,8.223020941894642,28.743125250152197,6.840935844525849,8.213031316138718,28.340050512428224,0.00635507835911375,0.2995849614033327,3.673558424298667,0.5808953151423901,0.00635507835911375,0.2995849614033327,3.673558424298667,0.5808953151423901,6000,300,pv,/gpfs/loomis/project/kklee/jd848/pv+hf/4k/140g/r3-4k/cont1/recal
18,1195.07,3946,75.74485114953943,-1017.9263399370782,160,0.34469321199999997,6.570840463900331,7.120140115445706,27.46864174035571,6.42400362342132,7.1199829808947195,26.523264469568037,6.378231309321608,7.108522586430355,26.704596636614934,0.0032200895991837007,0.2877345177249962,3.5078474807660633,0.42693623146216503,0.005435440003999829,0.27919506969190766,3.1845345607323043,0.42693623146216503,5741,287,pv,/gpfs/loomis/project/kklee/jd848/pv+hf/4k/60g/r3/recal
19,1488.78,3946,28.863730644462343,-1051.6377559103666,160,0.34469321199999997,8.124662564019651,6.212416885949595,24.558144548715624,8.039472388408186,6.227171072298608,24.189569098601485,8.604104710959696,6.211993784764431,24.310747517231672,0.006747653609790551,0.3166037430776629,3.501105575116548,0.3584468767029374,0.007050986121555841,0.3219115907678178,3.3307722392762003,0.3584468767029374,3000,150,pv,/gpfs/loomis/project/kklee/jd848/pv+hf/4k/25g/r1-0.99/cont1/recal
20,1195.07,3946,58.19092105987869,-1081.5881546104051,160,0.34469321199999997,5.463775750468118,6.882413599408843,15.124440720789046,5.457684537682867,6.891598867184517,15.331075845092409,5.965421317940275,6.868752501228752,15.931118713021748,0.0020159515320763463,0.18996040045757362,2.278816561638232,0.3213314518425158,0.0019551802146699935,0.18748875768084722,2.3968242525077503,0.3213314518425158,5000,125,pv,/gpfs/loomis/project/kklee/jd848/pv+hf/4k/60g/r1/cont1/recal
21,1078.16,3946,101.64161433358429,-1047.0922764797624,160,0.34469321199999997,5.138861750287628,7.702938550305129,15.587542154658964,5.300436220245614,7.684375126770764,15.61392816362053,5.010982519027313,7.655141286585487,14.575287457381437,0.0015745175681638208,0.17335326037209847,1.9473124877208203,0.30480083686251885,0.0016032205858684864,0.17424364439812967,2.051110133585675,0.30480083686251885,5000,125,pv,/gpfs/loomis/project/kklee/jd848/pv+hf/4k/100g/r1/cont1/recal
22,1013.21,3946,138.09730626919097,-1008.087415703505,160,0.34469321199999997,6.234481932423245,8.290194649460586,19.13179171050228,5.594756126330526,8.262302952298304,17.982827697773498,6.772569418613875,8.253276294022827,19.78025281591713,0.0022145170878660626,0.17548211627398036,2.2344260352254,0.3563053907375266,0.002714818426983075,0.179915944599654,2.253260846915295,0.3563053907375266,5000,125,pv,/gpfs/loomis/project/kklee/jd848/pv+hf/4k/140g/r1-0.78/re2/recal
23,738.63,3946,458.93963420758365,-528.6970457204292,160,0.34469321199999997,5.4256693547947235,10.978936079760551,28.268604277387205,5.557588984983857,10.982610811135915,28.625105514384945,5.607552361670626,10.875457041084525,28.701646962883366,0.0036739447760334746,0.39514410296092634,3.9147850814861633,0.8384112325427167,0.00465765473313298,0.38708065787055806,3.8652148624151663,0.8384112325427167,6000,150,pv,/gpfs/loomis/project/kklee/jd848/pv+hf/4k/300g/r3-0.9/recal
24,939.1,3946,200.5537443786972,-867.2133320804209,160,0.34469321199999997,6.102102334284577,8.779053755169786,33.921794112235915,5.644815634553586,8.791411851223705,32.263357149172016,5.130682696734171,8.756647970950413,32.37245529615599,0.004554000858412165,0.318263075416232,3.9330372596686494,0.6710063194735821,0.004554000858412165,0.31826307541623206,3.93303725966865,0.6710063194735821,6000,300,pv,/gpfs/loomis/project/kklee/jd848/pv+hf/4k/300g/r3-0.975/recal
25,868.7,3946,263.4370222306513,-778.1742359031167,160,0.34469321199999997,6.338503474882591,9.358101102874196,29.850984817691064,6.226136089308495,9.346834854142228,29.58566840119863,6.28502978324489,9.340521200476195,30.37379502225361,0.006205143685629382,0.3612461101751081,4.830639024981529,0.8002175973881441,0.005296150348294159,0.35950628030534176,4.338778994939887,0.8002175973881441,6000,150,pv,/gpfs/loomis/project/kklee/jd848/pv+hf/4k/300g/r3-0.95/recal
26,518.76,3946,1369.4569675893995,552.1579915729917,160,0.34469321199999997,6.641629999977988,15.413196687041832,45.1969640493087,5.726828102678229,15.445124604605148,47.367670831391855,5.417628421283996,15.384683603978148,47.10334066765906,0.010603341818731982,0.6400108493317207,6.412950625701926,1.958151561143646,0.00896088977973142,0.6355061127380041,6.340191778305082,1.958151561143646,6000,150,pv,/gpfs/loomis/project/kklee/jd848/pv+hf/4k/300g/r3-0.8/recal
27,1013.21,3946,135.95781048377881,-1010.9193142227625,160,0.34469321199999997,18.99140094759261,8.055068615608354,20.981189832234676,8.110800757038982,8.09763444260233,16.524003730700194,7.49230962567319,7.7165925351718565,18.72769642698177,0.0022583858131518305,0.16343935537988616,2.085071397380466,0.32423709156531444,0.0020488288784444066,0.1808959047818061,2.050462222953018,0.32423709156531444,1000,25,pv,/gpfs/loomis/project/kklee/jd848/pv+hf/4k/300g/r1-1013/recal
28,738.63,3946,471.64618183746717,-604.428024412225,160,0.34469321199999997,16.01260245465882,11.425738688398416,32.54451812261825,12.173581012184144,11.52559303537402,24.873072640443205,16.919662181500087,11.110474525712688,29.206539940933126,0.007944343234703609,0.2147441762416334,3.925357541032384,0.5189684183461006,0.0037829838343204332,0.20401047846087483,2.392530497989528,0.5189684183461006,1000,25,pv,/gpfs/loomis/project/kklee/jd848/pv+hf/4k/300g/r1-738/recal
29,2900.0,4990,0.4565573543139396,-979.8499250338663,160,0.43,25.443105167592726,5.98634556498056,29.35431799278866,22.43758422394116,6.017963608925899,25.14512965406977,7.454186019666087,5.965850290186047,24.072322659147957,0.009705519710427202,0.3678845555324172,3.694497629783086,0.21745257276966207,0.0089746853798011,0.39147176034310055,3.9359734304270533,0.21745257276966207,766,35,pv,/gpfs/loomis/project/kklee/jd848/pv+hf/5k/0g/r3/recal
30,1195.07,4990,84.22859920539724,-978.7898335040145,160,0.430866515,8.561818505014218,7.967657555421887,30.99739850021005,8.636613221015754,7.946932172350293,31.187923016304513,8.697545494310551,7.959691461118751,30.67603025328897,0.007952891642505858,0.3583492207527205,3.936106358225538,0.5276960834203174,0.007952891642505858,0.3583492207527205,3.936106358225538,0.5276960834203174,6000,300,pv,/gpfs/loomis/project/kklee/jd848/pv+hf/5k/60g/r3/cont3/recal
31,1195.07,4990,65.71651427364576,-1058.066813666797,160,0.430866515,6.936615302721447,7.762255949286754,19.470182675497636,7.101289285885211,7.768289709021695,19.538723983030415,5.482774612576938,7.680678853381269,17.870982302305613,0.0034971966044149232,0.22668397880640725,2.067920183506557,0.30802276669218176,0.002980340402825111,0.21634449169253187,2.2975542334840795,0.30802276669218176,2204,55,pv,/gpfs/loomis/project/kklee/jd848/pv+hf/5k/60g/r1/cont2/recal
32,1078.16,4990,109.01329321277454,-1024.13895121832,160,0.430866515,7.191131843495758,8.6849540853887,19.256601032899688,7.441700131551224,8.709157026494683,19.689773267989573,7.569662333048048,8.578865955280389,19.19544715994747,0.003480074515404877,0.18859113865001567,2.703810159665225,0.3546506055012013,0.002864608255342278,0.20734172599562936,2.386566448811679,0.3546506055012013,2351,58,pv,/gpfs/loomis/project/kklee/jd848/pv+hf/5k/100g/r1/cont2/recal
33,1078.16,4990,127.98133673104775,-934.050277710921,160,0.430866515,7.786800619406263,8.734777606051473,33.53525246618073,7.89919435924638,8.736711019201735,32.96941143361199,7.9800500115499675,8.739235866050631,32.56720640029536,0.008287186743061031,0.3516800103845458,3.972671256301798,0.5903503198941628,0.008287186743061031,0.3516800103845459,3.972671256301798,0.5903503198941628,6000,300,pv,/gpfs/loomis/project/kklee/jd848/pv+hf/5k/100g/r3/cont3/recal
34,1013.21,4990,143.7572522282975,-989.30673315867,160,0.430866515,6.722079484065828,9.306057915104088,18.751781699652298,6.9871811837943305,9.267524563139512,18.83842822089453,6.439623895826928,9.078211989962496,19.4196895677141,0.0014006066126212551,0.22626890991977375,2.748565604051244,0.3696738598869223,0.0021669176812501648,0.20788676618776492,2.3378025038775334,0.3696738598869223,2500,62,pv,/gpfs/loomis/project/kklee/jd848/pv+hf/5k/140g/r1/cont2/recal
35,1013.21,4990,159.82829203695474,-897.7286027764563,160,0.430866515,8.205237926300242,9.148763992764668,32.349729834782835,8.153953122046602,9.13575172998759,32.24234073475685,8.044510357564468,9.121136624831776,33.14776316820237,0.006930439182487341,0.35412375162929416,4.056582997801972,0.6414625239992795,0.0069304391824873395,0.3541237516292942,4.056582997801973,0.6414625239992795,6000,300,pv,/gpfs/loomis/project/kklee/jd848/pv+hf/5k/140g/r3/cont3/recal
36,518.76,4990,1377.3423724843526,577.186700609375,160,0.430866515,17.169253451093535,17.262955838177522,51.37292140418778,7.35614268363164,17.286151549444543,42.77608565452708,8.963841014118797,17.18937401634066,44.56683600358173,0.008405303418984999,1.1003813045049164,14.396374013190945,2.047108082006534,0.01011053144068566,0.7135943074186996,6.6282192289852055,2.047108082006534,4279,106,pv,/gpfs/loomis/project/kklee/jd848/pv+hf/5k/300g/r3-0.8/recal
37,738.63,4990,471.55992833342725,-499.858982872423,160,0.430866515,10.653871887614157,12.283925681410448,40.96910365165419,8.708112435981569,12.30054715090568,36.94369699518053,8.437738263994438,12.17208414066459,37.183557370430364,0.007759975985299208,0.4448959594708919,4.484037720598185,0.9564000909332938,0.006082449188066944,0.43934008476714215,4.40916307225433,0.9564000909332938,6000,150,pv,/gpfs/loomis/project/kklee/jd848/pv+hf/5k/300g/r3-0.9/recal
38,868.7,4990,272.88426167518764,-754.195862658275,160,0.430866515,8.199900535093045,10.552937435855066,35.48112670910526,8.051297166718745,10.550423527509233,35.29865081496169,7.991321037316812,10.472710334155492,35.17327638460832,0.00716141801372516,0.401170061137664,4.705234488156605,0.8678043849782856,0.00716141801372516,0.401170061137664,4.705234488156606,0.8678043849782856,6000,300,pv,/gpfs/loomis/project/kklee/jd848/pv+hf/5k/300g/r3-0.95/recal
39,939.1,4990,207.766857034575,-834.6542379299417,160,0.430866515,9.235136172956615,9.804448522608306,34.06416231676441,8.667704683983166,9.826676014935275,34.1237874507968,8.237427132835982,9.814341391108247,34.81557478256214,0.007341559308359365,0.3613427121572173,4.6056849976428715,0.7857651821949432,0.007341559308359365,0.3613427121572173,4.6056849976428715,0.7857651821949432,6000,300,pv,/gpfs/loomis/project/kklee/jd848/pv+hf/5k/300g/r3-0.975/recal
40,1013.21,4990,143.87682129992393,-988.8928752949001,160,0.430866515,23.384693012862215,9.218894012689871,25.91604182277693,9.70985731826609,9.273976779422414,20.353167084399143,10.259321481964275,9.382006789543787,23.16721694352838,0.0016812662298163767,0.209460958733582,1.9427614262586919,0.3993476933186746,0.0026072718678505353,0.22119985108950144,2.5254586235653447,0.3993476933186746,1000,25,pv,/gpfs/loomis/project/kklee/jd848/pv+hf/5k/300g/r1-1013/recal
41,738.63,4990,480.776148327508,-582.4427244871374,160,0.430866515,20.33127327941126,12.813883254993845,35.95208328608651,13.613231762156882,12.89084128856482,30.4659202422817,11.19708566181695,12.531150759610304,31.02062724869964,0.0032980250578976537,0.23271260124144733,3.009824385010572,0.5437471318140077,0.0034250253959400992,0.2362797646160703,2.506764477509598,0.5437471318140077,1000,25,pv,/gpfs/loomis/project/kklee/jd848/pv+hf/5k/300g/r1-738/recal
42,738.63,1973,442.36280587815827,-637.6242368880487,160,0.17234660599999999,15.04312542953779,8.25754857296298,37.12292175803512,14.816348145290425,8.510544307022652,36.91082598378968,4.696541860000025,7.222041695558893,34.31752289251503,0.010391995203282534,0.17944107765024594,5.200254019603866,0.8264895405421963,0.0038555330771735895,0.11446394177657071,3.810253884655127,0.8264895405421963,102,2,ppv,/gpfs/loomis/project/kklee/jd848/ppv/2k/r1-738/recal
43,1078.16,1973,81.90310542056233,-1064.470864024875,160,0.17234660599999999,8.047938915284375,5.085684621120376,13.788704279674437,3.5810952403054315,5.085879836459601,11.085770743292956,3.441191134923152,5.066655279558636,11.569367912016434,0.0016576368261236672,0.13717452786515266,1.9831297545118873,0.25498963685944853,0.0015465424363145933,0.1348660472537116,1.7159133600333651,0.25498963685944853,1000,25,ppv,/gpfs/loomis/project/kklee/jd848/ppv/2k/r1-1078/recal
44,939.1,1973,166.8147217922701,-973.3944298443877,160,0.17234660599999999,8.470411892101147,5.923246671892296,14.217288175918734,5.17667378432802,5.93265384318701,10.83382376008841,5.618840675161822,5.937633613679926,9.017621122998449,0.0008928226233221133,0.13383577583404707,1.9123947048290837,0.3235539737584768,0.0017984567728341818,0.13925011280265862,1.8964796565616293,0.3235539737584768,1000,25,ppv,/gpfs/loomis/project/kklee/jd848/ppv/2k/r1-939/recal
45,738.63,3017,449.6518194702435,-620.5067247872014,160,0.258519909,10.244573012199877,9.48926392626771,20.772431933942485,8.021152901889598,9.480790027311334,17.83044539358785,7.891961175192843,9.59431001215624,17.396329702396397,0.0016506335175918707,0.15902216274143688,1.3086510458470872,0.36637079618076146,0.002039748863963982,0.1737589496982198,1.6890301460513975,0.36637079618076146,1862,46,ppv,/gpfs/loomis/project/kklee/jd848/ppv/3k/r1-738/recal
46,962.75,3017,156.37282041640717,-973.6225725222099,160,0.258519909,6.300298328233346,7.243465686180772,14.3278550258416,3.842401033604753,7.258827481609493,13.330239950099834,3.7269327784991164,7.385358171764516,12.666878818623026,0.0016433642737913902,0.16579559058937002,2.016392185796342,0.3374247861817652,0.0016324347385486733,0.1741702441182811,2.0275898966387818,0.3374247861817652,5000,125,ppv,/gpfs/loomis/project/fas/kklee/jd848/ppv/3k/r1/recal
47,1114.5,3017,74.4954248730185,-1057.1356321609626,160,0.258519909,7.33067680118927,6.11643812416495,14.34083926926518,3.7965869152167184,6.137045789226404,12.549251900212482,4.15439126016193,6.239958556585366,12.579356487517172,0.0016604908810608624,0.17429525418039868,2.0074367074041395,0.2886535933203934,0.001919346680297487,0.18042919271049454,2.0079211341565126,0.2886535933203934,3000,75,ppv,/gpfs/loomis/project/fas/kklee/jd848/ppv/3k/r1-1.05/recal
48,738.63,3946,458.71229432458875,-599.5058584005626,160,0.34469321199999997,13.0968650018145,11.19061885824422,22.465906713609247,9.257652290752732,11.232343000570193,19.029599844837477,8.891118179680474,11.351412025859467,20.275527619222398,0.0019370873987286951,0.22014068112359975,1.464234095413024,0.419840977533999,0.0021173426756391825,0.20902815961857965,1.9355365520256735,0.419840977533999,1755,43,ppv,/gpfs/loomis/project/kklee/jd848/ppv/4k/r1-738/recal
49,738.63,4990,468.333458974958,-577.6841426439,160,0.430866515,18.178799333750742,12.508804422040882,27.54591701412964,10.21115236242441,12.526496209178385,22.674920502293155,10.144525044745087,12.535115756974797,22.75931687604408,0.005007783100315072,0.2879045294382784,2.733816629339329,0.5611900964332021,0.0037861667373075662,0.24491140883193616,2.5871794379416277,0.5611900964332021,1000,25,ppv,/gpfs/loomis/project/kklee/jd848/ppv/5k/r1-738/recal
50,939.1,4990,191.65830607524884,-909.4463794320375,160,0.430866515,18.92128993773861,9.740287995177507,26.550343991861805,7.599030927243523,9.781564112006363,20.556188266382634,6.913865097743673,9.666073701458815,20.56903271157708,0.0020726591637589557,0.24972496384560622,3.016854134520757,0.5059411999599923,0.0032318026317076113,0.24507684673779082,2.9655243667529416,0.5059411999599923,1000,25,ppv,/gpfs/loomis/project/kklee/jd848/ppv/5k/r1-939/recal
51,1078.16,4990,105.40685552933597,-1000.428050494125,160,0.430866515,18.906309492951326,8.282430663094733,26.596074135880826,6.390850503057987,8.312058041108424,18.20177747786034,9.061114757691135,8.194970676369795,18.365624735292577,0.0018084943405778642,0.2687279003231069,2.248133321019782,0.40521852915677836,0.004922084186556649,0.2540842882231826,2.726855477253961,0.40521852915677836,1000,25,ppv,/gpfs/loomis/project/kklee/jd848/ppv/5k/r1-1078/recal
52,962.75,3946,164.8018089020269,-952.2047981309126,160,0.34469321199999997,10.012101403242168,8.440664877763103,18.97456761888893,5.616120482614548,8.471345731985283,17.07967579031699,5.338364236203771,8.52499229566047,15.464632907290547,0.002250966054133671,0.20984772643490607,2.178485200092351,0.3885555486571514,0.0021090509696215388,0.2043785675622057,2.3348353084997937,0.3885555486571514,3000,75,ppv,/gpfs/loomis/project/fas/kklee/jd848/ppv/4k/r1/recal
53,1114.5,3946,82.52052634725452,-1035.7920841605626,160,0.34469321199999997,9.710803466170802,7.184425301865122,17.785743617980188,5.192280025250843,7.22837638843865,15.230575525411908,5.574695859782122,7.348487753750844,14.558792471918675,0.002879959025580686,0.22448708513268395,2.4010001101072955,0.3097307749078943,0.0022433905978133314,0.21174758175884706,2.1545374221132074,0.3097307749078943,3000,75,ppv,/gpfs/loomis/project/fas/kklee/jd848/ppv/4k/r1-1.05/recal
54,1000.0,9980,210.96087847216117,-710.0785900566275,160,0.86,45.102232073396436,12.716959213775837,56.47090763482167,15.712232851791866,12.695459337050615,40.249082462773124,17.806512572523683,12.224754900412957,39.6068824032683,0.013240404297374306,0.6637832675697589,10.793518800845755,1.0406711393237666,0.009269418460124515,0.6011871247189254,6.495358413132617,1.0406711393237666,745,31,ppv,/gpfs/loomis/project/kklee/jd848/ppv/10k/r1-1000/recal
55,1000.0,9980,209.83801624482692,-715.8763069515335,160,0.86,46.089937145227076,12.770629017070826,56.20881560229486,15.161007544114813,12.742950094817378,45.550758111554195,13.47402855085497,12.579340094823976,46.69609141510546,0.009443878908500703,0.6318616133583083,8.29374305427961,1.05906110414939,0.014833167764842697,0.5793217797236708,6.610139546416417,1.05906110414939,953,28,pv,/gpfs/loomis/project/kklee/jd848/pv+hf/10k/pv/r1-1000/recal
56,347.53,9980,4130.018315554204,3190.3526196249877,160,0.86,16.05901012104309,35.36895982186174,76.14835740434155,15.93457772958438,35.29108521701156,77.98591741242764,16.7886507091519,34.489355250153814,76.25794298976746,0.016301195977756068,1.6376705083482617,18.46642177373337,4.905406368932156,0.01420114318036166,1.3817791651716378,10.640374183863464,4.905406368932156,2000,50,pv,/gpfs/loomis/project/kklee/jd848/pv+hf/10k/r3-0.7-10k/recal
57,1000.0,9980,209.65053899110413,-717.2412150269859,160,0.86,29.640023025834324,12.717832887423501,52.787574259288334,14.426928566925634,12.805266906270498,41.134113778700254,11.427754055692025,12.887540774194987,39.36543752072704,0.012441643120547368,0.642017430438926,9.53405259479871,1.1334517606305023,0.011735375334297209,0.6059941323523794,7.074449507723726,1.1334517606305023,796,36,pv,/gpfs/loomis/project/kklee/jd848/pv+hf/10k/r3-1000/recal
58,4000.0,9980,-0.03956498485546911,-838.7150486232954,160,0.86,25.358648029127327,6.299687212559205,63.47591633704072,10.486189925644135,6.583437586222741,25.805893463671016,9.333890193724116,4.058000987996112,16.70450963947765,0.014702120372337646,0.34616410889389804,5.385065979053852,0.0950760966461739,0.0027961566721419603,0.2941466292357192,2.3736732994818124,0.0950760966461739,110,5,pv,/gpfs/loomis/project/kklee/jd848/pv+hf/10k/pv/r1-4000/recal
59,347.53,4990,4039.5262391186234,3079.6024618580377,160,0.43,14.867204939030916,25.07766194316409,49.41562775944588,7.85212764678137,25.14993938617594,48.31311200304488,12.659686044179484,24.44532986943476,43.71858431667698,0.01039433451362899,1.3246097282533404,13.23614233209344,4.428836005882208,0.013710746433909973,1.2115351928572864,9.606639849455002,4.428836005882208,1000,25,pv,/gpfs/loomis/project/kklee/jd848/pv+hf/5k/4000g/r3-347/recal
60,4000.0,9980,0.8588111954328821,-826.4437925486666,160,0.86,34.26291792454486,6.465380638755185,59.8302801236422,13.119436071790625,6.696421739540838,24.869632003279527,20.635716777028396,5.688177124067951,34.1480074230604,0.01707149863138895,0.3270197606288683,2.678859443288192,0.0998488220327273,0.014979920404519204,0.2823483947610175,2.492829335703843,0.0998488220327273,93,5,pv,/gpfs/loomis/project/kklee/jd848/pv+hf/10k/r3-4000/recal
61,2300.0,1973,-1.177505012945341,-1109.9556038221126,160,0.17,29.739321138276843,4.044769962135431,45.160953011240125,5.776071040594102,4.153467454636631,17.15103713876637,6.5972502607007115,4.0109112109303195,17.55834218432655,0.00831574793318823,0.30907941806981676,3.1659096410417984,0.22053680045402127,0.00831574793318823,0.30907941806981676,3.1659096410417984,0.22053680045402127,1000,25,pv,/gpfs/loomis/project/fas/kklee/jd848/pv+hf/2k/r3-2300/recal
62,1200.0,1973,58.2438691893463,-1072.6326442324,160,0.17,2.8300668468068233,4.940614836800121,14.704849942443953,2.5169502177139416,4.9489223834588145,14.12577983090522,2.4747410259123876,4.7412305402672565,13.928964122842455,0.0036678544672234616,0.20837223875414815,2.728087255142366,0.36423980164096187,0.0036678544672234616,0.20837223875414815,2.728087255142366,0.36423980164096187,1000,25,pv,/gpfs/loomis/project/fas/kklee/jd848/pv+hf/2k/r3-1200/recal
63,519.0,8007,1422.226484429764,644.0533899374126,160,0.69,17.97128035908542,21.8186713821135,58.58649737499987,11.94293197988862,21.86084044943198,59.38571007475377,10.854371381714396,21.202545390501125,57.25759693409069,0.004855802500876489,0.9250146891051193,13.930445315025313,2.7730413779252503,0.008752877731518845,0.8964662280018616,8.982832831654841,2.7730413779252503,1000,25,pv,/gpfs/loomis/project/kklee/jd848/pv+hf/8k/r3-519/recal
64,738.63,6034,474.8209539447558,-555.9497061406499,160,0.52,16.51034304680948,13.998670957983963,27.722357217216626,14.896067505146444,13.987529197902646,26.680929718699325,17.040906364898873,13.154489109203952,26.124951203107166,0.0075672128384176585,0.2969311991052133,2.7434618520637772,0.5090305419299146,0.005209171763154481,0.25595344393355424,2.34671523915981,0.5090305419299146,500,9,ppv,/gpfs/loomis/project/kklee/jd848/ppv/6k/r1-738/recal
65,939.1,6034,197.40702343666743,-886.988338499725,160,0.52,13.119037042815766,10.686683363284406,22.938593318646312,11.83549673647905,10.693009958213379,23.021231009702245,10.64439853182608,10.449020608088173,20.614101655272016,0.004874038987653461,0.32399789910050625,2.2230986108524977,0.539259214813642,0.003227862651005433,0.3107888180560912,3.1608146196679994,0.539259214813642,500,11,ppv,/gpfs/loomis/project/kklee/jd848/ppv/6k/r1-939/recal
66,738.63,8007,488.36069769599817,-510.118564667225,160,0.69,30.98239295767383,16.392765090670594,37.805457302209916,21.46769203521335,16.427722880589844,33.63954971718672,24.030007263341506,15.783415037369803,37.4505502982807,0.005497356087498105,0.3622744576692835,3.492086037046892,0.8214456708217188,0.007589448314984426,0.36469320673463934,3.7870008085381133,0.8214456708217188,500,11,ppv,/gpfs/loomis/project/kklee/jd848/ppv/8k/r1-738/recal
67,939.1,8007,211.04738051786697,-833.9319088329249,160,0.69,23.8185516266547,12.355604269666216,32.16036492354738,12.15243739094651,12.366062962114091,27.566226789306327,10.990330413854966,11.982591186455284,24.47184244254747,0.00258253463996294,0.37496611591231094,3.745245808034267,0.7160194007069695,0.006070361573385099,0.3887052321987404,4.196876988931251,0.7160194007069695,500,11,ppv,/gpfs/loomis/project/kklee/jd848/ppv/8k/r1-939/recal
68,2100.0,1973,1.0649154008249304,-1105.984062744525,160,0.17,25.318759538202986,3.9805935242323076,65.26536178813312,8.417534813178435,4.0861851368538495,17.869574336555022,7.482607616397382,3.941130916742126,17.956854170373234,0.0025975034694940176,0.2829561805354633,2.9727948653028355,0.21560270683218305,0.003557450599070246,0.2916344992619887,2.825941150742227,0.21560270683218305,500,19,pv,/gpfs/loomis/project/kklee/jd848/pv+hf/2k/r1-0g/recal
69,1013.21,1973,122.88114693960863,-1054.377426042825,160,0.17,5.046314503616788,5.703974923246625,10.887195570811901,2.7452467650484236,5.696053240201644,9.830553020144238,2.8876538037550263,5.445537485951031,8.800971372696662,0.0007674818965099034,0.12341190716225621,1.719992010587927,0.2824730502076835,0.001288282009984541,0.11875925703076698,1.786348118461616,0.2824730502076835,500,11,pv,/gpfs/loomis/project/kklee/jd848/pv+hf/2k/r1-140g/recal
70,1000.0,8007,202.01493689333338,-776.8422559792126,160,0.69,16.620162174442648,11.49954360664867,40.15933999230552,14.26755582938144,11.504732180901431,38.90637094098643,18.80172667553352,11.237589596219554,37.07644604024043,0.010609366718248976,0.5376956372848818,6.784049109646796,0.9842824358552736,0.012324061588467022,0.5617582381777013,6.143407805837293,0.9842824358552736,1000,44,pv,/gpfs/loomis/project/kklee/jd848/pv+hf/8k/r3-1000/recal
71,3300.0,8007,6.793183672092921,-869.0888835168222,160,0.69,17.29740982498562,6.161063820932262,26.81663782532122,12.980297553506405,6.036000984756261,24.363900944353695,13.440854922500995,5.5087314243689365,20.498344498538838,0.022202450973865983,0.48518925440184435,4.784288921313211,0.20128733289749604,0.010499520876392845,0.4127742230574711,4.145911193174595,0.20128733289749604,294,9,pv,/gpfs/loomis/project/kklee/jd848/pv+hf/8k/r3-3100/recal
72,519.0,6034,1400.2039442900982,594.8024023933626,160,0.52,20.750375679371608,18.787637987131987,50.564625516538094,10.603907725156994,18.890501007013302,48.3394454525659,7.856920322023615,18.513775543475315,45.90836299943665,0.006796132139304885,0.7583932840914729,7.205668911119873,2.3033946305948314,0.010408046756856216,0.7579793258358634,7.461485817224063,2.3033946305948314,1000,24,pv,/gpfs/loomis/project/kklee/jd848/pv+hf/6k/r3-519/recal
73,1000.0,6034,183.8114121845833,-845.9456652997875,160,0.52,22.65134639526635,10.014205374376742,41.282502211669176,13.438659444045063,10.021487287495384,38.20334186416795,17.100994690574428,9.78680090262999,38.25196293207116,0.00807163696691125,0.42176437039303805,5.639590715352111,0.9851641746418379,0.010680375890640192,0.5061358561259993,6.148911186520279,0.9851641746418379,1000,43,pv,/gpfs/loomis/project/kklee/jd848/pv+hf/6k/r3-1000/recal
74,3100.0,6034,6.344636415586875,-911.8643405008884,160,0.52,25.269351391154032,5.879782183649018,26.81933014576293,11.473631557582628,5.7087699581206515,22.484464062899296,13.708330397525629,5.116007175680812,22.52084705941388,0.014474143750264457,0.39063825045856454,4.886056956986325,0.19676931888655197,0.009493796319749209,0.436747196894962,3.8072262485251662,0.19676931888655197,492,8,pv,/gpfs/loomis/project/kklee/jd848/pv+hf/6k/r3-3100/recal
75,1013.21,8007,166.3338609808388,-878.22362974375,160,0.69,34.61617982670449,11.741140026960238,40.27920300033802,11.950250511353289,11.767338163964384,31.344907454850723,8.167683133781159,11.023398994431226,27.178598047224824,0.0018750111808807659,0.40394891867026167,6.421754868300614,0.8009988937262639,0.00818149675581563,0.37366736204478274,5.0654845325801166,0.8009988937262639,500,10,pv,/gpfs/loomis/project/kklee/jd848/pv+hf/8k/r1-140g/recal
76,1013.21,6034,144.7985384577111,-966.471741626225,160,0.52,21.127118287538877,10.217134471742899,27.657686056710936,7.6754923405443085,10.2304948836274,23.536739913331996,17.586805909043008,9.5026529721145,24.410397519901085,0.005447370075762797,0.2618673311729762,2.860394450309576,0.5138514848831559,0.004762745289134023,0.3063460151484254,3.2495759595998623,0.5138514848831559,500,12,pv,/gpfs/loomis/project/kklee/jd848/pv+hf/6k/r1-140g/recal
