,vol,T,P(GPa),E(eV),N,sigma(eV),Est_all,Fst_all,Vst_all,Est_eq,Fst_eq,Vst_eq,Est_tr,Fst_tr,Vst_tr,Eaerr_test,Ferr_test,Verr_test,Verr_test(GPa),Eaerr_tr,Ferr_tr,Verr_tr,Verr_tr(GPa),Ndata,Ntrain,phase,path
0,2100.0,1044,3.9497842010707007,-1145.3102044247346,160,0.09,16.354594622193396,3.0441222675174204,23.922443321262705,2.964145368608613,3.16544072128623,14.367968980131973,4.899964381858283,3.075910383166118,14.163730939564253,0.06054110858059677,0.5519827168886946,9.29856819937448,0.6626036011366777,0.06018503943373686,0.5749703888052794,8.684857489009136,0.6626036011366777,894,44,pv,/gpfs/loomis/project/kklee/jd848/pv+hf/1k/r1-2100/recal
1,939.1,1044,191.28416012629486,-921.75185041245,160,0.08617330299999999,18.020580036198403,4.7295235862668985,26.5291041223981,9.9013705746388,4.792503246635262,22.30546077565818,10.050049117452405,4.377812794543009,21.97645610886352,0.03368195947122017,1.0653437575011,13.814826250370311,2.542433528764966,0.03466188545535436,1.10754463992877,14.90222298756926,2.542433528764966,1000,50,pv,/gpfs/loomis/project/kklee/jd848/pv+hf/1k/r1-939/recal
2,2100.0,1044,-0.7611806845981255,-1141.794064095175,160,0.09,20.302584168201175,2.8257126095338654,41.55331101946585,3.7326643516517963,2.919547607627459,15.92464596266197,3.882061806762123,2.9170000481377,16.58228550559422,0.034445219365516894,0.5028855366873334,8.655310021669752,0.6975913504746376,0.026082206074594782,0.5374904827084308,9.143447838261821,0.6975913504746376,1000,50,pv,/gpfs/loomis/project/kklee/jd848/pv+hf/1k-solid/r1-2100/recal
3,939.1,1044,168.43745330969062,-1012.0980574834501,160,0.08617330299999999,6.026288149778381,4.368379486939206,20.844379973130806,5.907698789971679,4.407986655716397,19.435214553211058,6.3815869355855215,4.4657811634630695,19.610534816767693,0.02827607625934086,0.3389866836354694,13.579183604479114,1.7123951122041312,0.026601413123891436,0.3348649312609031,10.037034799995627,1.7123951122041312,1000,25,pv,/gpfs/loomis/project/kklee/jd848/pv+hf/1k-solid/r1-939/recal
4,2400.0,3017,-0.24877730979227586,-1072.7124468605193,160,0.258519909,4.949513435234956,5.293090295512439,20.9447689623515,4.200830358552729,5.297644205959897,19.858850494035245,4.6408840038007995,5.017740380624912,25.33201018101747,0.01512971591419375,0.6714596780894859,9.127610998966993,0.5793222244668539,0.014218536280939257,0.6979165491332028,8.67802788200846,0.5793222244668539,192,9,pv,/gpfs/loomis/project/kklee/jd848/pv+hf/3k/solid0/r3/cont1/recal
5,1273.0,3017,30.68051270028387,-1112.2429808273437,160,0.258519909,7.094164588948429,5.437980490384499,14.005548389745007,3.9728301613068364,5.460358575081179,12.19893325579332,3.6652764538380587,5.411631101659277,12.464151177630722,0.0042181216374525795,0.38382984283786054,5.91100931068218,0.6912114174349304,0.005757637687647753,0.392523617459945,5.491979616799727,0.6912114174349304,4000,100,pv,/gpfs/loomis/project/kklee/jd848/pv+hf/3k/solid1/r1-k111/recal
6,1273.0,3017,63.50039960196241,-1059.442863665585,160,0.258519909,18.31708010445711,5.897630151137425,25.976925764835368,5.3337273112456565,5.915310631494039,23.50775248716978,5.188586450743103,5.933803616503682,23.44519508774029,0.01925777051189496,0.5986172164960851,7.980673657089104,1.002832718462489,0.018990660761389513,0.5901535197786671,7.96794831499484,1.002832718462489,5000,250,pv,/gpfs/loomis/project/kklee/jd848/pv+hf/3k/solid1/r3-3k/recal
7,1195.07,3017,49.91524620009806,-1103.5472277943688,160,0.258519909,7.341197093616467,5.825566652892488,13.175054895487094,3.9027614283246015,5.844098315982107,11.644227462749637,4.099108148933255,5.820699007779654,12.141273776024457,0.0037393850618381705,0.37272843536329175,4.89240888778061,0.6333517280915923,0.003565076897327353,0.37101748795357475,4.724196070920592,0.6333517280915923,4000,100,pv,/gpfs/loomis/project/kklee/jd848/pv+hf/3k/solid2/r1-k111/recal
8,1195.07,3017,68.35097629661001,-1046.598630079486,160,0.258519909,4.311472915155993,6.149660538773672,22.50861932200741,4.149120172771598,6.16405306303325,21.4980515732688,4.361609880312205,6.1070661215228315,21.030137181805685,0.008747507192019038,0.5470440381444315,6.997874958087187,0.9832178380701905,0.008581146932665618,0.549564273525171,7.333861488727963,0.9832178380701905,8000,200,pv,/gpfs/loomis/project/kklee/jd848/pv+hf/3k/solid2/r4-3k-re/recal
9,1078.16,3017,92.66785247400873,-1068.7337568920154,160,0.258519909,4.189751310440448,6.584300569192246,12.736684191415995,3.947916645711793,6.582406245525399,12.347540997538095,3.8216814182836925,6.488381968014639,11.987515592056015,0.004107925652059896,0.3535677687491905,5.237595122453195,0.7603235973924151,0.0034766562025077426,0.35472883766467467,5.11648016281306,0.7603235973924151,4000,100,pv,/gpfs/loomis/project/kklee/jd848/pv+hf/3k/solid3/r1/cont2/recal
10,1078.16,3017,110.02317251469044,-996.2701689036453,160,0.258519909,4.667142413497923,6.764588085759682,24.11063215584304,4.229572044023271,6.758396056027782,22.997805127273544,4.096105976367632,6.749742719528516,22.421610578499553,0.007957377650863769,0.5841440239205541,8.003914480756634,1.2583075769745198,0.007469599433037978,0.5818370959016556,8.467586404509145,1.2583075769745198,8000,200,pv,/gpfs/loomis/project/kklee/jd848/pv+hf/3k/solid3/r3/recal
11,1013.21,3017,128.5655244079966,-1033.17494377412,160,0.258519909,4.1219141235020675,7.127654934290565,13.120546813586998,4.169580243327899,7.103632247658712,13.131576585337587,4.400334236437352,6.993133777712787,13.288838923064008,0.004575022673454566,0.37306065699996316,6.212833099894436,0.9927031444518505,0.005059133772641853,0.3710156227497145,6.277814442753723,0.9927031444518505,5000,125,pv,/gpfs/loomis/project/kklee/jd848/pv+hf/3k/solid4/r1/cont1/recal
12,1013.21,3017,141.9612303387984,-958.3526346010485,160,0.258519909,5.9371863749612555,7.1289013411128845,26.781565724659224,4.844395409995625,7.136549315513906,23.610973568162876,5.000768006259169,7.095344589773921,24.53200950378255,0.01072560024472493,0.6166897559314777,8.936341073740131,1.459186354889333,0.009232333564898911,0.6109577470936398,9.227835355000963,1.459186354889333,8000,200,pv,/gpfs/loomis/project/kklee/jd848/pv+hf/3k/solid4/r3/cont1/recal
13,518.76,3017,1361.5463718030533,530.8505268760833,160,0.26,5.376451437638785,13.321189600428177,39.40102017136653,4.334332487481127,13.342498693735804,37.11325978440794,6.549402083676847,13.295250572254679,38.00210206216436,0.014916085731993736,1.3283710907113675,16.128539718713725,5.0183994952222895,0.015513209173741835,1.327702428616198,16.248801089368108,5.0183994952222895,6000,150,pv,/gpfs/loomis/project/kklee/jd848/pv+hf/3k/300g/r3-0.8/recal
14,738.63,3017,452.2798437597988,-550.6152845059646,160,0.258519909,4.878771875773248,9.447598070936587,23.901809586910247,4.212599424451146,9.45872273507875,23.75946982484458,4.662040691559038,9.392740692550085,23.17028549968204,0.018273429856082712,0.8162627383081478,10.347509239859313,2.0671433083356243,0.019388814552243776,0.8158746361796794,9.529873560840954,2.0671433083356243,6000,150,pv,/gpfs/loomis/project/kklee/jd848/pv+hf/3k/300g/r3-0.9/recal
15,868.7,3017,257.7754977845091,-801.647669387825,160,0.258519909,4.582263459355263,8.065281519962463,22.97345474611195,4.166388419759914,8.072337264861774,22.841409167969232,3.8723530322092636,8.019595852339569,23.269374648083385,0.00858142969375066,0.7726079295799437,13.247474461760609,2.4082319098506915,0.007981507919851836,0.7673122989574233,13.057430953166085,2.4082319098506915,6000,150,pv,/gpfs/loomis/project/kklee/jd848/pv+hf/3k/300g/r3-0.95/recal
16,939.1,3017,195.0890569863202,-893.198707905473,160,0.258519909,4.970171848939024,7.561415181104999,25.50019675371707,4.073245658843902,7.585007516252399,24.40316726432508,4.442921486314193,7.547836935591214,24.2776592078856,0.00912503939312226,0.6768593369086993,10.773487441773177,1.9194783972227807,0.009593768203478395,0.6835545495696275,11.250833019469768,1.9194783972227807,6000,150,pv,/gpfs/loomis/project/kklee/jd848/pv+hf/3k/300g/r3-0.975/recal
17,1013.21,3017,128.30397087697298,-1032.7578093532625,160,0.258519909,14.878101980554696,6.919684451952792,16.44345259521424,7.2985879137449965,6.966864809184793,13.041148098251735,8.030663836040027,6.932904603525319,12.921604890481813,0.004503706577785917,0.33264931203906184,7.425564995374007,1.1167173144150084,0.005672055324016234,0.3997581801187974,7.062075026244389,1.1167173144150084,1000,25,pv,/gpfs/loomis/project/kklee/jd848/pv+hf/3k/300g/r1-1013/recal
18,738.63,3017,459.42018865970965,-624.344359090101,160,0.258519909,16.88103048709677,9.111969453897826,59.44461089453534,17.06253310841743,9.353041120141782,57.63595871998194,17.359587457542048,6.808564701685495,89.11909314596954,0.013151354457636443,0.6079487180001317,18.035919183284406,2.9867476817382954,0.014717591240188024,0.4054347048909715,13.76940227139755,2.9867476817382954,123,3,pv,/gpfs/loomis/project/kklee/jd848/pv+hf/3k/300g/r1-738/recal
19,1488.78,3946,28.843348066835752,-1054.9803857134916,160,0.34469321199999997,6.443795536007407,6.229552468966257,25.08237312497988,6.393069766684446,6.226034845511581,24.96942858017452,6.363059763301534,6.194106185587787,24.921723043713907,0.011288011921257082,0.6409696927945842,9.350670667588783,0.9736993944867819,0.012400438616805207,0.6355441877654746,9.047842576807817,0.9736993944867819,6000,217,pv,/gpfs/loomis/project/kklee/jd848/pv+hf/4k/25g/r3-4k/cont1/recal
20,1078.16,3946,116.52377966036532,-975.8447512411708,160,0.34469321199999997,6.935022055917417,7.739232649791236,26.57644666474729,6.118561977463226,7.751718544036507,25.646684066383315,6.078132406893352,7.7694428577213595,26.421786720317815,0.00901772643025832,0.6137286066060543,9.034773380668508,1.318947407930746,0.008630823548595965,0.609471803460532,8.875652776811592,1.318947407930746,6000,300,pv,/gpfs/loomis/project/kklee/jd848/pv+hf/4k/100g/r3/recal
21,1013.21,3946,149.94907417998212,-931.4076809677272,160,0.34469321199999997,7.7234569107210715,8.198281525085207,29.648270824105747,6.505116140952943,8.223020941894642,28.743125250152197,6.840935844525849,8.213031316138718,28.340050512428224,0.011416304974364301,0.6656286458148929,10.054423207376702,1.5083275395816502,0.01370941970712472,0.6548745902783875,9.538602214882125,1.5083275395816502,6000,300,pv,/gpfs/loomis/project/kklee/jd848/pv+hf/4k/140g/r3-4k/cont1/recal
22,1195.07,3946,75.74485114953943,-1017.9263399370782,160,0.34469321199999997,6.570840463900331,7.120140115445706,27.46864174035571,6.42400362342132,7.1199829808947195,26.523264469568037,6.378231309321608,7.108522586430355,26.704596636614934,0.00945262628267766,0.6207143170920474,7.933734164222607,1.1010110684936103,0.008747780934574345,0.6008862920997867,8.212485942827326,1.1010110684936103,5741,287,pv,/gpfs/loomis/project/kklee/jd848/pv+hf/4k/60g/r3/recal
23,1488.78,3946,28.863730644462343,-1051.6377559103666,160,0.34469321199999997,8.124662564019651,6.212416885949595,24.558144548715624,8.039472388408186,6.227171072298608,24.189569098601485,8.604104710959696,6.211993784764431,24.310747517231672,0.011580834549787497,0.6585518537929769,9.199012665765963,0.9908303256539494,0.013270312531577488,0.6687206570230668,9.207027197104678,0.9908303256539494,3000,150,pv,/gpfs/loomis/project/kklee/jd848/pv+hf/4k/25g/r1-0.99/cont1/recal
24,1195.07,3946,58.19092105987869,-1081.5881546104051,160,0.34469321199999997,5.463775750468118,6.882413599408843,15.124440720789046,5.457684537682867,6.891598867184517,15.331075845092409,5.965421317940275,6.868752501228752,15.931118713021748,0.011133294052770635,0.4298743566434474,5.6601473287136965,0.7249067189613121,0.010667763752601946,0.4250583234577492,5.407108438497414,0.7249067189613121,5000,125,pv,/gpfs/loomis/project/kklee/jd848/pv+hf/4k/60g/r1/cont1/recal
25,1078.16,3946,101.64161433358429,-1047.0922764797624,160,0.34469321199999997,5.138861750287628,7.702938550305129,15.587542154658964,5.300436220245614,7.684375126770764,15.61392816362053,5.010982519027313,7.655141286585487,14.575287457381437,0.01116438180466795,0.4169430735930736,5.865400847222395,0.8580802696995108,0.00958911604875197,0.4213313372318257,5.774318583660765,0.8580802696995108,5000,125,pv,/gpfs/loomis/project/kklee/jd848/pv+hf/4k/100g/r1/cont1/recal
26,1013.21,3946,138.09730626919097,-1008.087415703505,160,0.34469321199999997,6.234481932423245,8.290194649460586,19.13179171050228,5.594756126330526,8.262302952298304,17.982827697773498,6.772569418613875,8.253276294022827,19.78025281591713,0.007618584760139921,0.44963408238667507,6.527808037786155,0.9707803072395724,0.008725265792075875,0.44613159221449866,6.139175308943612,0.9707803072395724,5000,125,pv,/gpfs/loomis/project/kklee/jd848/pv+hf/4k/140g/r1-0.78/re2/recal
27,738.63,3946,458.93963420758365,-528.6970457204292,160,0.34469321199999997,5.4256693547947235,10.978936079760551,28.268604277387205,5.557588984983857,10.982610811135915,28.625105514384945,5.607552361670626,10.875457041084525,28.701646962883366,0.01583143959091156,0.8639891713268938,11.714325175722585,2.3976814697587496,0.015087494518696145,0.8633360503791708,11.053709316539699,2.3976814697587496,6000,150,pv,/gpfs/loomis/project/kklee/jd848/pv+hf/4k/300g/r3-0.9/recal
28,939.1,3946,200.5537443786972,-867.2133320804209,160,0.34469321199999997,6.102102334284577,8.779053755169786,33.921794112235915,5.644815634553586,8.791411851223705,32.263357149172016,5.130682696734171,8.756647970950413,32.37245529615599,0.013132955296438608,0.7227061778781274,11.219075868340925,1.9737710290683823,0.013301004199453358,0.728545362276242,11.56906391801294,1.9737710290683823,6000,300,pv,/gpfs/loomis/project/kklee/jd848/pv+hf/4k/300g/r3-0.975/recal
29,868.7,3946,263.4370222306513,-778.1742359031167,160,0.34469321199999997,6.338503474882591,9.358101102874196,29.850984817691064,6.226136089308495,9.346834854142228,29.58566840119863,6.28502978324489,9.340521200476195,30.37379502225361,0.010566774608930083,0.8178123287132427,14.413503961931221,2.670977807793209,0.011095655784924186,0.8263874944337981,14.482038943193402,2.670977807793209,6000,150,pv,/gpfs/loomis/project/kklee/jd848/pv+hf/4k/300g/r3-0.95/recal
30,518.76,3946,1369.4569675893995,552.1579915729917,160,0.34469321199999997,6.641629999977988,15.413196687041832,45.1969640493087,5.726828102678229,15.445124604605148,47.367670831391855,5.417628421283996,15.384683603978148,47.10334066765906,0.020913936722094167,1.4391628189749572,17.590260244133873,5.571718741813805,0.020520489027461376,1.4135988790751333,18.040363197036918,5.571718741813805,6000,150,pv,/gpfs/loomis/project/kklee/jd848/pv+hf/4k/300g/r3-0.8/recal
31,1013.21,3946,135.95781048377881,-1010.9193142227625,160,0.34469321199999997,18.99140094759261,8.055068615608354,20.981189832234676,8.110800757038982,8.09763444260233,16.524003730700194,7.49230962567319,7.7165925351718565,18.72769642698177,0.011568098736628755,0.40686916201328005,6.871081749312699,0.9272593527756255,0.008935339456843747,0.4427125686599591,5.863950557190602,0.9272593527756255,1000,25,pv,/gpfs/loomis/project/kklee/jd848/pv+hf/4k/300g/r1-1013/recal
32,738.63,3946,471.64618183746717,-604.428024412225,160,0.34469321199999997,16.01260245465882,11.425738688398416,32.54451812261825,12.173581012184144,11.52559303537402,24.873072640443205,16.919662181500087,11.110474525712688,29.206539940933126,0.009928311924091538,0.644182805412323,9.045703582477266,1.6955512048818044,0.011607516485796734,0.6202791012259274,7.8167723221208005,1.6955512048818044,1000,25,pv,/gpfs/loomis/project/kklee/jd848/pv+hf/4k/300g/r1-738/recal
33,2900.0,4990,0.4565573543139396,-979.8499250338663,160,0.43,25.443105167592726,5.98634556498056,29.35431799278866,22.43758422394116,6.017963608925899,25.14512965406977,7.454186019666087,5.965850290186047,24.072322659147957,0.03789058601563725,0.7621499182834715,12.421510434917138,0.5528016461295575,0.026136532727240952,0.8436912586684816,10.00591790545067,0.5528016461295575,766,35,pv,/gpfs/loomis/project/kklee/jd848/pv+hf/5k/0g/r3/recal
34,1195.07,4990,84.22859920539724,-978.7898335040145,160,0.430866515,8.561818505014218,7.967657555421887,30.99739850021005,8.636613221015754,7.946932172350293,31.187923016304513,8.697545494310551,7.959691461118751,30.67603025328897,0.016004475040549093,0.7154771789212834,9.280061710932888,1.2421768574618153,0.01619944159697443,0.7144051676729332,9.26544725328507,1.2421768574618153,6000,300,pv,/gpfs/loomis/project/kklee/jd848/pv+hf/5k/60g/r3/cont3/recal
35,1195.07,4990,65.71651427364576,-1058.066813666797,160,0.430866515,6.936615302721447,7.762255949286754,19.470182675497636,7.101289285885211,7.768289709021695,19.538723983030415,5.482774612576938,7.680678853381269,17.870982302305613,0.014396154695381764,0.48562599416727564,5.496687443312794,0.9066983223279139,0.016370856568147494,0.4792560867749162,6.76309933622282,0.9066983223279139,2204,55,pv,/gpfs/loomis/project/kklee/jd848/pv+hf/5k/60g/r1/cont2/recal
36,1078.16,4990,109.01329321277454,-1024.13895121832,160,0.430866515,7.191131843495758,8.6849540853887,19.256601032899688,7.441700131551224,8.709157026494683,19.689773267989573,7.569662333048048,8.578865955280389,19.19544715994747,0.020468469288663266,0.46010295136851853,6.863733696659606,0.877893240082576,0.017122067161687467,0.48776164461197785,5.907646906336821,0.877893240082576,2351,58,pv,/gpfs/loomis/project/kklee/jd848/pv+hf/5k/100g/r1/cont2/recal
37,1078.16,4990,127.98133673104775,-934.050277710921,160,0.430866515,7.786800619406263,8.734777606051473,33.53525246618073,7.89919435924638,8.736711019201735,32.96941143361199,7.9800500115499675,8.739235866050631,32.56720640029536,0.016743189601381568,0.72951937154305,10.404401049895814,1.47209917332889,0.016453740126489015,0.7350895565764358,9.906263916919317,1.47209917332889,6000,300,pv,/gpfs/loomis/project/kklee/jd848/pv+hf/5k/100g/r3/cont3/recal
38,1013.21,4990,143.7572522282975,-989.30673315867,160,0.430866515,6.722079484065828,9.306057915104088,18.751781699652298,6.9871811837943305,9.267524563139512,18.83842822089453,6.439623895826928,9.078211989962496,19.4196895677141,0.019920643208739847,0.5044172521623701,4.681825142735662,1.0748513074404773,0.018872510103797847,0.5090476255002148,6.797316095325251,1.0748513074404773,2500,62,pv,/gpfs/loomis/project/kklee/jd848/pv+hf/5k/140g/r1/cont2/recal
39,1013.21,4990,159.82829203695474,-897.7286027764563,160,0.430866515,8.205237926300242,9.148763992764668,32.349729834782835,8.153953122046602,9.13575172998759,32.24234073475685,8.044510357564468,9.121136624831776,33.14776316820237,0.01192797767858368,0.7340321581312692,10.010975712398325,1.6747373948792432,0.014048620748131766,0.7435689584126409,10.590971393767564,1.6747373948792432,6000,300,pv,/gpfs/loomis/project/kklee/jd848/pv+hf/5k/140g/r3/cont3/recal
40,518.76,4990,1377.3423724843526,577.186700609375,160,0.430866515,17.169253451093535,17.262955838177522,51.37292140418778,7.35614268363164,17.286151549444543,42.77608565452708,8.963841014118797,17.18937401634066,44.56683600358173,0.039210460997605875,2.7036926660961034,35.793108445579506,5.927557170436487,0.02314937037947311,1.6350319101798036,19.192512971511412,5.927557170436487,4279,106,pv,/gpfs/loomis/project/kklee/jd848/pv+hf/5k/300g/r3-0.8/recal
41,738.63,4990,471.55992833342725,-499.858982872423,160,0.430866515,10.653871887614157,12.283925681410448,40.96910365165419,8.708112435981569,12.30054715090568,36.94369699518053,8.437738263994438,12.17208414066459,37.183557370430364,0.03099758340633311,0.948035937603231,16.307079146487496,3.178964212919813,0.027291568244979657,0.943991868226533,14.655552366108783,3.178964212919813,6000,150,pv,/gpfs/loomis/project/kklee/jd848/pv+hf/5k/300g/r3-0.9/recal
42,868.7,4990,272.88426167518764,-754.195862658275,160,0.430866515,8.199900535093045,10.552937435855066,35.48112670910526,8.051297166718745,10.550423527509233,35.29865081496169,7.991321037316812,10.472710334155492,35.17327638460832,0.012271633905990878,0.9100050394056678,16.502546262947686,2.734254647887777,0.014934469970894208,0.9055528522592843,14.825125905495375,2.734254647887777,6000,300,pv,/gpfs/loomis/project/kklee/jd848/pv+hf/5k/300g/r3-0.95/recal
43,939.1,4990,207.766857034575,-834.6542379299417,160,0.430866515,9.235136172956615,9.804448522608306,34.06416231676441,8.667704683983166,9.826676014935275,34.1237874507968,8.237427132835982,9.814341391108247,34.81557478256214,0.01582116733024088,0.791031474406703,13.616714823822035,2.183764080009598,0.016984586505150893,0.793429222477907,12.799917443015865,2.183764080009598,6000,300,pv,/gpfs/loomis/project/kklee/jd848/pv+hf/5k/300g/r3-0.975/recal
44,1013.21,4990,143.87682129992393,-988.8928752949001,160,0.430866515,23.384693012862215,9.218894012689871,25.91604182277693,9.70985731826609,9.273976779422414,20.353167084399143,10.259321481964275,9.382006789543787,23.16721694352838,0.016971428599690794,0.5231545563536932,6.253707353353534,1.139827069729045,0.022338608473160392,0.540539096297547,7.208220182014066,1.139827069729045,1000,25,pv,/gpfs/loomis/project/kklee/jd848/pv+hf/5k/300g/r1-1013/recal
45,738.63,4990,480.776148327508,-582.4427244871374,160,0.430866515,20.33127327941126,12.813883254993845,35.95208328608651,13.613231762156882,12.89084128856482,30.4659202422817,11.19708566181695,12.531150759610304,31.02062724869964,0.030395429065940692,0.6521037296617145,9.501891204780284,2.005695602016331,0.031108661038804903,0.6762042831383008,9.246589441416235,2.005695602016331,1000,25,pv,/gpfs/loomis/project/kklee/jd848/pv+hf/5k/300g/r1-738/recal
46,738.63,1044,431.0611389318995,-662.9721451021625,160,0.08617330299999999,3.5887225348475265,5.662075899501406,26.853960140296802,3.229932721509748,5.631114010949129,24.500694350169496,3.241924013140402,5.843602852280449,32.49884725476209,0.03850667788394011,0.48145190686417316,14.135078243903594,2.2961193919213176,0.02421795446235047,0.426431808121534,10.585491290017723,2.2961193919213176,1000,25,ppv,/gpfs/loomis/project/kklee/jd848/ppv/1k/r1-738/recal
47,1078.16,1044,74.0874173704731,-1085.3525334442875,160,0.08617330299999999,4.256740716815197,3.517171018753499,9.296802459511573,2.126446023383058,3.5246554284715073,7.879524304410158,1.9737263159349834,3.518227214259557,7.135661977983052,0.013345791025837059,0.28980172393987874,4.349451717070614,1.4433827688738836,0.013101524973939677,0.27855291524312287,9.713021310422222,1.4433827688738836,1000,25,ppv,/gpfs/loomis/project/kklee/jd848/ppv/1k/r1-1078/recal
48,939.1,1044,158.50765121710987,-994.3693895472124,160,0.08617330299999999,4.4448145670172154,4.134273364417829,11.174988154045407,3.212160280921192,4.1343170562401665,8.60874934451372,2.741433064288181,4.169264459222363,8.469516082450024,0.021960084357023367,0.26463852630465073,6.13374788968533,1.4387104176179029,0.02092212897773896,0.27931813403754713,8.432858997220569,1.4387104176179029,1000,25,ppv,/gpfs/loomis/project/kklee/jd848/ppv/1k/r1-939/recal
49,738.63,1973,442.36280587815827,-637.6242368880487,160,0.17234660599999999,15.04312542953779,8.25754857296298,37.12292175803512,14.816348145290425,8.510544307022652,36.91082598378968,4.696541860000025,7.222041695558893,34.31752289251503,0.018455349107711072,0.5336843390178854,12.089503607074011,1.8224403882011386,0.0006886940009451336,0.3975275694098376,8.40175250631773,1.8224403882011386,102,2,ppv,/gpfs/loomis/project/kklee/jd848/ppv/2k/r1-738/recal
50,1078.16,1973,81.90310542056233,-1064.470864024875,160,0.17234660599999999,8.047938915284375,5.085684621120376,13.788704279674437,3.5810952403054315,5.085879836459601,11.085770743292956,3.441191134923152,5.066655279558636,11.569367912016434,0.002882367960209491,0.3480052877847363,5.192642905472474,0.8329424015641832,0.003971191873294395,0.3513641694664259,5.605157184368521,0.8329424015641832,1000,25,ppv,/gpfs/loomis/project/kklee/jd848/ppv/2k/r1-1078/recal
51,939.1,1973,166.8147217922701,-973.3944298443877,160,0.17234660599999999,8.470411892101147,5.923246671892296,14.217288175918734,5.17667378432802,5.93265384318701,10.83382376008841,5.618840675161822,5.937633613679926,9.017621122998449,0.006962626533745566,0.33745162435344733,5.636193763407831,0.9986656492549915,0.005870879495691575,0.35809998627784473,5.85358005503211,0.9986656492549915,1000,25,ppv,/gpfs/loomis/project/kklee/jd848/ppv/2k/r1-939/recal
52,738.63,3017,449.6518194702435,-620.5067247872014,160,0.258519909,10.244573012199877,9.48926392626771,20.772431933942485,8.021152901889598,9.480790027311334,17.83044539358785,7.891961175192843,9.59431001215624,17.396329702396397,0.005207032639657427,0.5464435738316621,3.431279381415075,1.1057625492254695,0.00856964644177064,0.5512452403544968,5.09774878206991,1.1057625492254695,1862,46,ppv,/gpfs/loomis/project/kklee/jd848/ppv/3k/r1-738/recal
53,962.75,3017,156.37282041640717,-973.6225725222099,160,0.258519909,6.300298328233346,7.243465686180772,14.3278550258416,3.842401033604753,7.258827481609493,13.330239950099834,3.7269327784991164,7.385358171764516,12.666878818623026,0.01308995875721394,0.42093656846013777,7.014507665073977,1.0758303973596963,0.014123606293728577,0.4189802347611083,6.464678747720543,1.0758303973596963,5000,125,ppv,/gpfs/loomis/project/fas/kklee/jd848/ppv/3k/r1/recal
54,1114.5,3017,74.4954248730185,-1057.1356321609626,160,0.258519909,7.33067680118927,6.11643812416495,14.34083926926518,3.7965869152167184,6.137045789226404,12.549251900212482,4.15439126016193,6.239958556585366,12.579356487517172,0.01068044303293168,0.42100805602723657,6.990946137931554,0.9601658600202345,0.011630221489001575,0.42638471128426625,6.679069193121953,0.9601658600202345,3000,75,ppv,/gpfs/loomis/project/fas/kklee/jd848/ppv/3k/r1-1.05/recal
55,738.63,3946,458.71229432458875,-599.5058584005626,160,0.34469321199999997,13.0968650018145,11.19061885824422,22.465906713609247,9.257652290752732,11.232343000570193,19.029599844837477,8.891118179680474,11.351412025859467,20.275527619222398,0.011769938802251998,0.6006950333292103,6.190329275872524,1.4115550162487729,0.020673037975299416,0.622329560367011,6.5075027816298485,1.4115550162487729,1755,43,ppv,/gpfs/loomis/project/kklee/jd848/ppv/4k/r1-738/recal
56,738.63,4990,468.333458974958,-577.6841426439,160,0.430866515,18.178799333750742,12.508804422040882,27.54591701412964,10.21115236242441,12.526496209178385,22.674920502293155,10.144525044745087,12.535115756974797,22.75931687604408,0.036688963850203156,0.7661850633733343,11.669829365137979,1.8350858994511445,0.03587464385608234,0.68064924640656,8.460050410889124,1.8350858994511445,1000,25,ppv,/gpfs/loomis/project/kklee/jd848/ppv/5k/r1-738/recal
57,939.1,4990,191.65830607524884,-909.4463794320375,160,0.430866515,18.92128993773861,9.740287995177507,26.550343991861805,7.599030927243523,9.781564112006363,20.556188266382634,6.913865097743673,9.666073701458815,20.56903271157708,0.04673786547685715,0.5783021085639224,9.57642197690365,1.3005997612106124,0.04607494030945296,0.5979004928890546,7.6233370272437195,1.3005997612106124,1000,25,ppv,/gpfs/loomis/project/kklee/jd848/ppv/5k/r1-939/recal
58,1078.16,4990,105.40685552933597,-1000.428050494125,160,0.430866515,18.906309492951326,8.282430663094733,26.596074135880826,6.390850503057987,8.312058041108424,18.20177747786034,9.061114757691135,8.194970676369795,18.365624735292577,0.02964960924555469,0.5461189780785836,7.239065430923984,1.2099184235899514,0.03412668678603929,0.5379498907171152,8.141959073940209,1.2099184235899514,1000,25,ppv,/gpfs/loomis/project/kklee/jd848/ppv/5k/r1-1078/recal
59,962.75,3946,164.8018089020269,-952.2047981309126,160,0.34469321199999997,10.012101403242168,8.440664877763103,18.97456761888893,5.616120482614548,8.471345731985283,17.07967579031699,5.338364236203771,8.52499229566047,15.464632907290547,0.031842980131107125,0.5008578795377424,6.8941764891899995,1.18272228330304,0.031530292862466,0.4853159910580058,7.10699347042926,1.18272228330304,3000,75,ppv,/gpfs/loomis/project/fas/kklee/jd848/ppv/4k/r1/recal
60,1114.5,3946,82.52052634725452,-1035.7920841605626,160,0.34469321199999997,9.710803466170802,7.184425301865122,17.785743617980188,5.192280025250843,7.22837638843865,15.230575525411908,5.574695859782122,7.348487753750844,14.558792471918675,0.0235098592346496,0.4912293799509389,6.273272473465989,0.8967699917468409,0.023358051991207884,0.4754839783629141,6.2380772683027175,0.8967699917468409,3000,75,ppv,/gpfs/loomis/project/fas/kklee/jd848/ppv/4k/r1-1.05/recal
61,1000.0,9980,210.96087847216117,-710.0785900566275,160,0.86,45.102232073396436,12.716959213775837,56.47090763482167,15.712232851791866,12.695459337050615,40.249082462773124,17.806512572523683,12.224754900412957,39.6068824032683,0.024571007240229863,1.3551629319336413,21.004965450922594,3.2006792178733114,0.02105383538701678,1.3868689087265502,19.977068547381162,3.2006792178733114,745,31,ppv,/gpfs/loomis/project/kklee/jd848/ppv/10k/r1-1000/recal
62,1000.0,9980,209.83801624482692,-715.8763069515335,160,0.86,46.089937145227076,12.770629017070826,56.20881560229486,15.161007544114813,12.742950094817378,45.550758111554195,13.47402855085497,12.579340094823976,46.69609141510546,0.04709208738472435,1.3892294423074947,23.627940949620573,2.9886158476358786,0.05187996591572872,1.2552032889663753,18.653473086778664,2.9886158476358786,953,28,pv,/gpfs/loomis/project/kklee/jd848/pv+hf/10k/pv/r1-1000/recal
63,218.85,4990,12216.988554595971,8761.59625301605,160,0.43,49.68822099860922,36.36492948134318,75.6439380169994,41.31843437784084,36.51257805588509,70.15005593968694,53.79881185211814,35.65785150080354,66.10108923189364,0.038100895595998406,5.138841706198396,48.27835453373046,29.60893872742206,0.054326112623886515,5.822486881807912,40.4444563500169,29.60893872742206,1000,25,pv,/gpfs/loomis/project/kklee/jd848/pv+hf/5k/4000g/r3-218/recal
64,126.65,4990,39738.24740213523,21550.545791953635,160,0.43,82.94225579579745,57.59196894474482,191.07223390938887,38.16422356497129,59.383752488950364,101.73435936048996,43.635753145192545,60.2450962991549,117.69248053684439,0.060205797356166955,11.573094031507473,130.93475068948842,98.44532772916477,0.15848319603350994,11.836082190747005,77.81976465661532,98.44532772916477,942,23,pv,/gpfs/loomis/project/kklee/jd848/pv+hf/5k/4000g/r3-126/recal
65,126.65,9980,39869.16227069259,21637.079507243543,160,0.86,71.07900746006518,85.49628942365686,185.07680398248294,38.23230926105453,86.21144235317631,151.7781837705489,39.615602121731186,86.66917557323373,148.975713227033,0.08028603177205357,11.97929833972484,87.11280703998635,85.78833128043532,0.0881043712168966,11.70459912621854,67.81457184940052,85.78833128043532,2000,50,pv,/gpfs/loomis/project/kklee/jd848/pv+hf/10k/r3-0.5-10k/recal
66,218.85,9980,12287.061982895435,8875.980817850528,160,0.86,24.548088842244677,52.45323161213197,86.33888220068815,22.007278258221167,52.67528448366608,84.79671017987393,25.546831290535064,49.928232771473574,84.77548225350162,0.04004501681886162,6.252165931069836,51.118868709051355,30.50623004328006,0.05548183313677518,6.478782186876167,41.670115256320685,30.50623004328006,875,21,pv,/gpfs/loomis/project/kklee/jd848/pv+hf/10k/r3-0.6-10k/recal
67,347.53,9980,4130.018315554204,3190.3526196249877,160,0.86,16.05901012104309,35.36895982186174,76.14835740434155,15.93457772958438,35.29108521701156,77.98591741242764,16.7886507091519,34.489355250153814,76.25794298976746,0.042012256525422696,3.3553072052259116,25.808556726802195,14.483220745718793,0.044766729782766225,3.1838694822133315,31.41572308829718,14.483220745718793,2000,50,pv,/gpfs/loomis/project/kklee/jd848/pv+hf/10k/r3-0.7-10k/recal
68,1000.0,9980,209.65053899110413,-717.2412150269859,160,0.86,29.640023025834324,12.717832887423501,52.787574259288334,14.426928566925634,12.805266906270498,41.134113778700254,11.427754055692025,12.887540774194987,39.36543752072704,0.03644509289436295,1.3515812283349822,22.378055223089582,2.867752489362536,0.03915527773181382,1.3443624803092813,17.8991033331307,2.867752489362536,796,36,pv,/gpfs/loomis/project/kklee/jd848/pv+hf/10k/r3-1000/recal
69,4000.0,9980,-0.03956498485546911,-838.7150486232954,160,0.86,25.358648029127327,6.299687212559205,63.47591633704072,10.486189925644135,6.583437586222741,25.805893463671016,9.333890193724116,4.058000987996112,16.70450963947765,0.1451197409363317,1.122762734488672,13.101352194197858,0.4604202017689103,0.04103114518052461,1.0728765381107914,11.49486756432666,0.4604202017689103,110,5,pv,/gpfs/loomis/project/kklee/jd848/pv+hf/10k/pv/r1-4000/recal
70,347.53,4990,4039.5262391186234,3079.6024618580377,160,0.43,14.867204939030916,25.07766194316409,49.41562775944588,7.85212764678137,25.14993938617594,48.31311200304488,12.659686044179484,24.44532986943476,43.71858431667698,0.014622995603078873,3.20824469163477,34.17710663557957,12.588920543965752,0.027577981236139377,2.838349380457856,27.306774420786862,12.588920543965752,1000,25,pv,/gpfs/loomis/project/kklee/jd848/pv+hf/5k/4000g/r3-347/recal
71,4000.0,9980,0.8588111954328821,-826.4437925486666,160,0.86,34.26291792454486,6.465380638755185,59.8302801236422,13.119436071790625,6.696421739540838,24.869632003279527,20.635716777028396,5.688177124067951,34.1480074230604,0.21883654369515854,1.556739273483306,16.801024682852777,0.5894663121344363,0.13939851295761552,1.0472307531529716,14.716637466351333,0.5894663121344363,93,5,pv,/gpfs/loomis/project/kklee/jd848/pv+hf/10k/r3-4000/recal
