,vol,T,P(GPa),E(eV),N,sigma(eV),Est_all,Fst_all,Vst_all,Est_eq,Fst_eq,Vst_eq,Est_tr,Fst_tr,Vst_tr,Eaerr_test,Ferr_test,Verr_test,Verr_test(GPa),Eaerr_tr,Ferr_tr,Verr_tr,Verr_tr(GPa),Ndata,Ntrain,phase,path
0,2100.0,1044,3.542374532379924,-1146.7014438978524,160,0.09,16.354594622193396,3.0441222675174204,23.922443321262705,1.9314850922123354,3.268912260847023,12.556595698610534,4.899964381858283,3.075910383166118,14.163730939564253,0.00601237954371935,0.15634293999447393,2.0380284144643226,0.2291971363550551,0.006346743523422,0.1725643790265194,3.00412563819141,0.2291971363550551,894,44,pv,/gpfs/loomis/project/kklee/jd848/pv+hf/1k/r1-2100/recal
1,939.1,1044,191.07797087972506,-922.6517435965401,160,0.08617330299999999,18.020580036198403,4.7295235862668985,26.5291041223981,9.65576825916978,4.810010942134907,23.926686154512225,10.050049117452405,4.377812794543009,21.97645610886352,0.0043579526961826905,0.14689992991843728,2.8476955747286685,0.6522025175154582,0.004989524096920037,0.15433860379111744,3.8228206319284648,0.6522025175154582,1000,50,pv,/gpfs/loomis/project/kklee/jd848/pv+hf/1k/r1-939/recal
2,2100.0,1044,-1.2012880126850636,-1143.75881302236,160,0.09,20.302584168201175,2.8257126095338654,41.55331101946585,2.883789191091724,2.9919619332272123,15.722642625722566,3.882061806762123,2.9170000481377,16.58228550559422,0.007479053758723831,0.14518713914837675,1.9722482672949642,0.18251347525182662,0.005355070451570098,0.1595697436248501,2.3922349948999826,0.18251347525182662,1000,50,pv,/gpfs/loomis/project/kklee/jd848/pv+hf/1k-solid/r1-2100/recal
3,939.1,1044,168.48438103852507,-1012.00382316524,160,0.08617330299999999,6.026288149778381,4.368379486939206,20.844379973130806,5.723413565099044,4.467560041720334,18.377548096554513,6.3815869355855215,4.4657811634630695,19.610534816767693,0.0014446382531085958,0.07306202344781601,2.9293906607309266,0.4224944278398066,0.001736739785127474,0.07186496798737066,2.4764093548328625,0.4224944278398066,1000,25,pv,/gpfs/loomis/project/kklee/jd848/pv+hf/1k-solid/r1-939/recal
4,518.76,1044,1400.704486710246,457.15934594004,160,0.08617330299999999,17.73736507891026,8.109182050567059,39.8780878242705,15.769307451938023,8.503118015895996,19.792086950782295,16.55217639263902,7.520476912920853,27.31559570466792,0.0010821211864390056,0.07540216945617596,2.1711210533633527,0.6819473584745335,0.0011413812960009476,0.07094480469168073,2.208040031851206,0.6819473584745335,1000,25,pv,/gpfs/loomis/project/kklee/jd848/pv+hf/1k-solid/r1-518/recal
5,2400.0,3017,-0.24216090304571436,-1072.5309194773959,160,0.258519909,4.949513435234956,5.293090295512439,20.9447689623515,4.110760527719298,5.3720777602775796,19.71247393985989,4.6408840038007995,5.017740380624912,25.33201018101747,0.0030107093743388614,0.148575520631478,1.8411668796034895,0.13760764354397817,0.0031211697475808904,0.15251241874481877,2.061310471130472,0.13760764354397817,192,9,pv,/gpfs/loomis/project/kklee/jd848/pv+hf/3k/solid0/r3/cont1/recal
6,1273.0,3017,30.69361998294982,-1112.159851486745,160,0.258519909,7.094164588948429,5.437980490384499,14.005548389745007,4.279067399383005,5.43230928570479,12.222133043104655,3.6652764538380587,5.411631101659277,12.464151177630722,0.010223093266559003,0.07599690597820852,4.476766634058879,0.47962861855583405,0.009957270624418793,0.07361252852520594,3.8108609468830466,0.47962861855583405,4000,100,pv,/gpfs/loomis/project/kklee/jd848/pv+hf/3k/solid1/r1-k111/recal
7,1273.0,3017,63.279998877748504,-1060.335523246868,160,0.258519909,18.31708010445711,5.897630151137425,25.976925764835368,5.4853844778230645,5.903822170146196,22.625646070814994,5.188586450743103,5.933803616503682,23.44519508774029,0.008163891589437458,0.10778256959844978,5.564927890730219,0.6551346860178878,0.00902122665875574,0.10623813559355512,5.205334071622794,0.6551346860178878,5000,250,pv,/gpfs/loomis/project/kklee/jd848/pv+hf/3k/solid1/r3-3k/recal
8,1195.07,3017,49.93625050758133,-1103.616932588825,160,0.258519909,7.341197093616467,5.825566652892488,13.175054895487094,3.43145006857225,5.856669164912238,11.45607101770561,4.099108148933255,5.820699007779654,12.141273776024457,0.009978591858425652,0.07772455407236631,9.014672299976922,0.74365511938213,0.009744610494097522,0.0754279785706775,5.546953513004365,0.74365511938213,4000,100,pv,/gpfs/loomis/project/kklee/jd848/pv+hf/3k/solid2/r1-k111/recal
9,1195.07,3017,68.06666051732815,-1046.32921298276,160,0.258519909,4.311472915155993,6.149660538773672,22.50861932200741,4.179737429886578,6.169638645157325,22.22429523823456,4.361609880312205,6.1070661215228315,21.030137181805685,0.008656649401007533,0.10171808599430818,7.8176657220381145,0.9474857978081971,0.008955191401747293,0.10240906846804114,7.067334760017003,0.9474857978081971,8000,200,pv,/gpfs/loomis/project/kklee/jd848/pv+hf/3k/solid2/r4-3k-re/recal
10,1078.16,3017,92.73573450380205,-1068.7006285569598,160,0.258519909,4.189751310440448,6.584300569192246,12.736684191415995,4.158438066173708,6.601311665188026,12.173736172336794,3.8216814182836925,6.488381968014639,11.987515592056015,0.008987823288452525,0.0669022151714785,4.8642630282021235,0.7871525116883981,0.009086768174139507,0.06587471163352207,5.297021195941566,0.7871525116883981,4000,100,pv,/gpfs/loomis/project/kklee/jd848/pv+hf/3k/solid3/r1/cont2/recal
11,1078.16,3017,109.38291436693997,-997.0824791613475,160,0.258519909,4.667142413497923,6.764588085759682,24.11063215584304,3.8742806834281067,6.752907561156298,23.029098921176132,4.096105976367632,6.749742719528516,22.421610578499553,0.008741447929648895,0.10605477623586047,7.917250459233907,1.0196776021438094,0.00827671579727929,0.10509676869498545,6.861762862189492,1.0196776021438094,8000,200,pv,/gpfs/loomis/project/kklee/jd848/pv+hf/3k/solid3/r3/recal
12,1013.21,3017,128.51102850037972,-1033.220187015776,160,0.258519909,4.1219141235020675,7.127654934290565,13.120546813586998,4.259267627056016,7.082119201456546,13.04906441864662,4.400334236437352,6.993133777712787,13.288838923064008,0.005353835774520436,0.053449023630626175,3.513626399971924,0.47619071184892087,0.0051610453530658235,0.053334163392125294,3.011410757645011,0.47619071184892087,5000,125,pv,/gpfs/loomis/project/kklee/jd848/pv+hf/3k/solid4/r1/cont1/recal
13,1013.21,3017,141.55949110968,-959.62020899423,160,0.258519909,5.9371863749612555,7.1289013411128845,26.781565724659224,4.434092707102951,7.14604713235796,21.996386693937136,5.000768006259169,7.095344589773921,24.53200950378255,0.007307491094721179,0.09376473510931946,5.877610806731577,0.7324870469670411,0.006783122090773838,0.0914745238228777,4.632218391046664,0.7324870469670411,8000,200,pv,/gpfs/loomis/project/kklee/jd848/pv+hf/3k/solid4/r3/cont1/recal
14,518.76,3017,1362.5998137415188,530.11267954007,160,0.26,5.376451437638785,13.321189600428177,39.40102017136653,4.286995070480939,13.381935446360437,31.8731492125029,6.549402083676847,13.295250572254679,38.00210206216436,0.0014188900029056223,0.09066797203195306,1.404279150174989,0.430272769280034,0.0013453518678482902,0.09061248920582377,1.393156652605865,0.430272769280034,6000,150,pv,/gpfs/loomis/project/kklee/jd848/pv+hf/3k/300g/r3-0.8/recal
15,738.63,3017,452.1495850335513,-550.6542606683199,160,0.258519909,4.878771875773248,9.447598070936587,23.901809586910247,4.305257413903126,9.445269093267019,23.351915278951047,4.662040691559038,9.392740692550085,23.17028549968204,0.0015714213157857822,0.07635779221490309,0.9342073592024834,0.1906228464294501,0.001507183806380821,0.07641152907430654,0.8788029436347692,0.1906228464294501,6000,150,pv,/gpfs/loomis/project/kklee/jd848/pv+hf/3k/300g/r3-0.9/recal
16,868.7,3017,257.9022563285306,-801.6877332852732,160,0.258519909,4.582263459355263,8.065281519962463,22.97345474611195,4.232601602754821,8.086835899372762,21.99529553378551,3.8723530322092636,8.019595852339569,23.269374648083385,0.0062347965462877806,0.09181112662658408,3.2745490668104194,0.5309660054854333,0.006265738069397772,0.09095630545322395,2.8788971389114653,0.5309660054854333,6000,150,pv,/gpfs/loomis/project/kklee/jd848/pv+hf/3k/300g/r3-0.95/recal
17,939.1,3017,194.820625696434,-894.1790110736601,160,0.258519909,4.970171848939024,7.561415181104999,25.50019675371707,3.7529095119874643,7.5975046812987514,22.135718833265848,4.442921486314193,7.547836935591214,24.2776592078856,0.0044306907210692964,0.09208305331884888,4.993748059766029,0.6430441607009556,0.004494075133427394,0.0920098587730311,3.7691398281216726,0.6430441607009556,6000,150,pv,/gpfs/loomis/project/kklee/jd848/pv+hf/3k/300g/r3-0.975/recal
18,1013.21,3017,128.47577388937611,-1032.8320376826,160,0.258519909,14.878101980554696,6.919684451952792,16.44345259521424,5.681097220962583,7.016564132501475,12.80903613866772,8.030663836040027,6.932904603525319,12.921604890481813,0.0050500687538412945,0.046696174643255935,1.6265864788943651,0.3586557592618911,0.005218386449558776,0.052857291676652214,2.2681244821828117,0.3586557592618911,1000,25,pv,/gpfs/loomis/project/kklee/jd848/pv+hf/3k/300g/r1-1013/recal
19,738.63,3017,460.23072822705547,-627.3840504027419,160,0.258519909,16.88103048709677,9.111969453897826,59.44461089453534,16.255629468240656,9.328212308122511,63.394412504850465,17.359587457542048,6.808564701685495,89.11909314596954,0.002324639681141072,0.04758195278019727,2.8531562868530784,0.2766287014012526,0.0006092997709610282,0.036559324704595976,1.2753042021920336,0.2766287014012526,123,3,pv,/gpfs/loomis/project/kklee/jd848/pv+hf/3k/300g/r1-738/recal
20,518.76,3017,1414.4293475464772,485.2548820593,160,0.258519909,12.403659965263788,13.548397047563336,44.93857191112694,7.307958440010572,14.027278397480742,26.20579731268402,8.365336023104268,13.145428029393196,33.71612500116865,0.0022419852990970524,0.0559619340223749,2.189988814760266,0.29392087387718596,0.0007422247269003721,0.05568740360230096,0.9516703124552858,0.29392087387718596,1000,25,pv,/gpfs/loomis/project/kklee/jd848/pv+hf/3k/300g/r1-518/recal
21,1488.78,3946,29.027275989275694,-1055.2965688710833,160,0.34469321199999997,6.443795536007407,6.229552468966257,25.08237312497988,6.332601112547243,6.219572168916065,25.144212278742703,6.363059763301534,6.194106185587787,24.921723043713907,0.0017814472311441468,0.08194342727325926,1.8549934480369017,0.18890063711387461,0.0016847071715472618,0.08129841339068561,1.7553089145812748,0.18890063711387461,6000,217,pv,/gpfs/loomis/project/kklee/jd848/pv+hf/4k/25g/r3-4k/cont1/recal
22,1078.16,3946,116.70244902370611,-975.0314456107632,160,0.34469321199999997,6.935022055917417,7.739232649791236,26.57644666474729,6.430004672082633,7.724620194282388,25.48625204082892,6.078132406893352,7.7694428577213595,26.421786720317815,0.0064315097903062625,0.08136234852973394,4.548994692881189,0.6627716074553149,0.0064101804881084535,0.08057187869274829,4.4600191203465505,0.6627716074553149,6000,300,pv,/gpfs/loomis/project/kklee/jd848/pv+hf/4k/100g/r3/recal
23,1013.21,3946,149.56061193890355,-933.5016759298934,160,0.34469321199999997,7.7234569107210715,8.198281525085207,29.648270824105747,5.919736861661907,8.247659142426743,27.528524226600393,6.840935844525849,8.213031316138718,28.340050512428224,0.004928356819164569,0.08043723014810085,5.445254420759243,0.8218527641760821,0.005184457714126875,0.08069711428735994,5.197363563918809,0.8218527641760821,6000,300,pv,/gpfs/loomis/project/kklee/jd848/pv+hf/4k/140g/r3-4k/cont1/recal
24,1195.07,3946,76.32802538786896,-1015.9776859388053,160,0.34469321199999997,6.570840463900331,7.120140115445706,27.46864174035571,5.978678290833855,7.130702963169339,26.780109589473923,6.378231309321608,7.108522586430355,26.704596636614934,0.0019006846552906919,0.08527730653220567,5.124271062775714,0.5770353510517444,0.0023178374757187427,0.08244928624120278,4.30412994440699,0.5770353510517444,5741,287,pv,/gpfs/loomis/project/kklee/jd848/pv+hf/4k/60g/r3/recal
25,1488.78,3946,29.338603847141545,-1049.38185159224,160,0.34469321199999997,8.124662564019651,6.212416885949595,24.558144548715624,7.418275308324086,6.255357307139582,24.7329217238141,8.604104710959696,6.211993784764431,24.310747517231672,0.001647077977780816,0.08457018398316118,2.031355450857001,0.1994977905108221,0.0023640365445727557,0.08596266992012172,1.8537801432179137,0.1994977905108221,3000,150,pv,/gpfs/loomis/project/kklee/jd848/pv+hf/4k/25g/r1-0.99/cont1/recal
26,1195.07,3946,58.254527877090595,-1081.581541136232,160,0.34469321199999997,5.463775750468118,6.882413599408843,15.124440720789046,5.78386651003613,6.919164680840986,15.837695457985625,5.965421317940275,6.868752501228752,15.931118713021748,0.0011062227649843218,0.05608207744913512,2.7520237442790005,0.30396603349913975,0.0013754442739232237,0.05530123690269124,2.267294897065926,0.30396603349913975,5000,125,pv,/gpfs/loomis/project/kklee/jd848/pv+hf/4k/60g/r1/cont1/recal
27,1078.16,3946,101.63170337113291,-1047.0957656199998,160,0.34469321199999997,5.138861750287628,7.702938550305129,15.587542154658964,5.308187558284885,7.705540982431776,15.783211229147755,5.010982519027313,7.655141286585487,14.575287457381437,0.006122923877541243,0.05328371338288461,5.065253356810216,0.9019841173515897,0.006176779048253383,0.05481190494020035,6.069762742376112,0.9019841173515897,5000,125,pv,/gpfs/loomis/project/kklee/jd848/pv+hf/4k/100g/r1/cont1/recal
28,1013.21,3946,137.93236842526062,-1008.294536753972,160,0.34469321199999997,6.234481932423245,8.290194649460586,19.13179171050228,5.289616555342755,8.241623870322806,17.830143700834203,6.772569418613875,8.253276294022827,19.78025281591713,0.005891974586199001,0.0497891148981131,3.0049316825886616,0.6164869291050801,0.005656066124048757,0.04801180741024797,3.8986383481658042,0.6164869291050801,5000,125,pv,/gpfs/loomis/project/kklee/jd848/pv+hf/4k/140g/r1-0.78/re2/recal
29,738.63,3946,458.7969065544321,-528.75408827502,160,0.34469321199999997,5.4256693547947235,10.978936079760551,28.268604277387205,5.323788597320734,10.943119202496327,28.94434274475573,5.607552361670626,10.875457041084525,28.701646962883366,0.001322897266329507,0.06957753112812845,0.9141281559516133,0.21445752925682007,0.001438546081740703,0.07016575110969932,0.9886847853008256,0.21445752925682007,6000,150,pv,/gpfs/loomis/project/kklee/jd848/pv+hf/4k/300g/r3-0.9/recal
30,939.1,3946,201.24697469931087,-868.0401012814433,160,0.34469321199999997,6.102102334284577,8.779053755169786,33.921794112235915,5.468450122322351,8.818460844557123,30.044160373930545,5.130682696734171,8.756647970950413,32.37245529615599,0.00337780961560607,0.08230094842058232,4.487448584610589,0.7891010610744742,0.003524928478429473,0.0825969524672045,4.625237922177517,0.7891010610744742,6000,300,pv,/gpfs/loomis/project/kklee/jd848/pv+hf/4k/300g/r3-0.975/recal
31,868.7,3946,262.81715924647415,-779.76512604538,160,0.34469321199999997,6.338503474882591,9.358101102874196,29.850984817691064,5.686499933205294,9.32502844844942,27.14677675459282,6.28502978324489,9.340521200476195,30.37379502225361,0.003120148231737202,0.08097700975742009,3.327986891339467,0.542407228000368,0.00330596853451628,0.0808460274767314,2.940931435690562,0.542407228000368,6000,150,pv,/gpfs/loomis/project/kklee/jd848/pv+hf/4k/300g/r3-0.95/recal
32,518.76,3946,1370.2005361194992,550.8862658075667,160,0.34469321199999997,6.641629999977988,15.413196687041832,45.1969640493087,5.93890107303293,15.53121754458669,48.039774168035756,5.417628421283996,15.384683603978148,47.10334066765906,0.0013594683803115994,0.08420386836299139,1.1990702016789792,0.3537924265386975,0.0012453569139921686,0.08322870751569193,1.1455251362959766,0.3537924265386975,6000,150,pv,/gpfs/loomis/project/kklee/jd848/pv+hf/4k/300g/r3-0.8/recal
33,1013.21,3946,135.96024397673904,-1011.1253679298799,160,0.34469321199999997,18.99140094759261,8.055068615608354,20.981189832234676,6.027449248454115,8.14343608733255,16.166959088787294,7.49230962567319,7.7165925351718565,18.72769642698177,0.005199363595575794,0.04690084623903886,1.564959793350396,0.6424970033630688,0.005292617380612366,0.050120328233908926,4.06312500336227,0.6424970033630688,1000,25,pv,/gpfs/loomis/project/kklee/jd848/pv+hf/4k/300g/r1-1013/recal
34,738.63,3946,471.82660205014724,-605.1417745631801,160,0.34469321199999997,16.01260245465882,11.425738688398416,32.54451812261825,7.3220981652658175,11.494655320205995,23.871008817797463,16.919662181500087,11.110474525712688,29.206539940933126,0.003922760870206247,0.048242104421421655,1.639999449317563,0.32788267697216794,0.003168037687169999,0.04656838760317611,1.5115935318730649,0.32788267697216794,1000,25,pv,/gpfs/loomis/project/kklee/jd848/pv+hf/4k/300g/r1-738/recal
35,518.76,3946,1425.6522032105693,506.15734760738,160,0.34469321199999997,10.404369375261394,15.991063845651597,47.33405663658176,7.137352111452176,16.416218211485184,30.25460226229319,8.162888236804715,15.8993520025021,39.08580576831401,0.0015074436683318857,0.04970925227940876,0.6861115010368768,0.3789581276260186,0.0016099003173364994,0.05161253771290089,1.2270077826320596,0.3789581276260186,1000,25,pv,/gpfs/loomis/project/kklee/jd848/pv+hf/4k/300g/r1-518/recal
36,2900.0,4990,0.2976560760493938,-980.8427728204699,160,0.43,25.443105167592726,5.98634556498056,29.35431799278866,27.835822618793426,5.992695894935615,24.647208788115016,7.454186019666087,5.965850290186047,24.072322659147957,0.006039799874245775,0.15207638821579203,2.615458789489392,0.1363371030044307,0.00393962538620195,0.16472728038196982,2.467752890536056,0.1363371030044307,766,35,pv,/gpfs/loomis/project/kklee/jd848/pv+hf/5k/0g/r3/recal
37,1195.07,4990,84.11191599394712,-978.9721626006067,160,0.430866515,8.561818505014218,7.967657555421887,30.99739850021005,9.040704597086723,7.919269037599339,30.852488358687594,8.697545494310551,7.959691461118751,30.67603025328897,0.0026715293112869313,0.08277710443982518,3.5540226558013126,0.4724988048764896,0.0027992878855703494,0.08286143177352012,3.524387632505806,0.4724988048764896,6000,300,pv,/gpfs/loomis/project/kklee/jd848/pv+hf/5k/60g/r3/cont3/recal
38,1195.07,4990,65.87299530687778,-1058.2550752093828,160,0.430866515,6.936615302721447,7.762255949286754,19.470182675497636,6.731198801679029,7.804823461201643,19.283559004558512,5.482774612576938,7.680678853381269,17.870982302305613,0.003402532214799002,0.06196318717597681,3.4978899691722605,0.38813901699165543,0.0030366663437184863,0.059317468554173525,2.8951445740395716,0.38813901699165543,2204,55,pv,/gpfs/loomis/project/kklee/jd848/pv+hf/5k/60g/r1/cont2/recal
39,1078.16,4990,109.17495923649682,-1023.8640677631975,160,0.430866515,7.191131843495758,8.6849540853887,19.256601032899688,7.3183998951533145,8.70998784381274,20.10042075014769,7.569662333048048,8.578865955280389,19.19544715994747,0.009311108337331776,0.04915430770786475,1.9135689408894603,0.71713672640904,0.009050881728776043,0.05235420485218346,4.825860787801921,0.71713672640904,2351,58,pv,/gpfs/loomis/project/kklee/jd848/pv+hf/5k/100g/r1/cont2/recal
40,1078.16,4990,127.86870831804663,-933.3906356258467,160,0.430866515,7.786800619406263,8.734777606051473,33.53525246618073,7.974821002259945,8.705961490807336,33.110969529923125,7.9800500115499675,8.739235866050631,32.56720640029536,0.005690167829833012,0.08789383437265999,4.276033285211946,0.6141140150984216,0.006213159457951057,0.08695574500952732,4.132585371192768,0.6141140150984216,6000,300,pv,/gpfs/loomis/project/kklee/jd848/pv+hf/5k/100g/r3/cont3/recal
41,1013.21,4990,143.6202781243054,-989.5011256899361,160,0.430866515,6.722079484065828,9.306057915104088,18.751781699652298,7.290079071259276,9.237080473546827,18.90917256780093,6.439623895826928,9.078211989962496,19.4196895677141,0.008106483354991837,0.047052664333487045,3.347378736075296,0.45010265492202783,0.00791972136012609,0.04722516915186964,2.8464309432117,0.45010265492202783,2500,62,pv,/gpfs/loomis/project/kklee/jd848/pv+hf/5k/140g/r1/cont2/recal
42,1013.21,4990,160.12568921851027,-897.0555692928933,160,0.430866515,8.205237926300242,9.148763992764668,32.349729834782835,7.915730712591167,9.176195861441004,30.98217378846067,8.044510357564468,9.121136624831776,33.14776316820237,0.00590923452886963,0.07552986296599473,4.528095572494556,0.7583527111185617,0.005906338420816345,0.07692682057058324,4.795791802584004,0.7583527111185617,6000,300,pv,/gpfs/loomis/project/kklee/jd848/pv+hf/5k/140g/r3/cont3/recal
43,518.76,4990,1376.495404596534,576.3995257675374,160,0.430866515,17.169253451093535,17.262955838177522,51.37292140418778,7.5690240344063735,17.32869240177486,41.49425475724322,8.963841014118797,17.18937401634066,44.56683600358173,0.0012022523486436842,0.12128033439565897,1.6962891871778163,0.34582881907753477,0.0012707804584957143,0.08468142097751187,1.1197402075127194,0.34582881907753477,4279,106,pv,/gpfs/loomis/project/kklee/jd848/pv+hf/5k/300g/r3-0.8/recal
44,738.63,4990,470.0201628683212,-502.55027656064664,160,0.430866515,10.653871887614157,12.283925681410448,40.96910365165419,8.330817085733353,12.267869904123028,33.413454552513976,8.437738263994438,12.17208414066459,37.183557370430364,0.00123536660941114,0.06647417456601472,1.5066558590782193,0.27536854513862297,0.0012232220185737625,0.06616361801327932,1.2694946727794685,0.27536854513862297,6000,150,pv,/gpfs/loomis/project/kklee/jd848/pv+hf/5k/300g/r3-0.9/recal
45,868.7,4990,271.4429301074239,-755.4149031655734,160,0.430866515,8.199900535093045,10.552937435855066,35.48112670910526,7.723042844831189,10.528392020754753,33.95963610640819,7.991321037316812,10.472710334155492,35.17327638460832,0.001169401931983951,0.07841665525871737,3.8506747219786677,0.6475227279073004,0.0012835012425211835,0.07708661346637313,3.510867568721621,0.6475227279073004,6000,300,pv,/gpfs/loomis/project/kklee/jd848/pv+hf/5k/300g/r3-0.95/recal
46,939.1,4990,207.34151609227905,-834.0337260296866,160,0.430866515,9.235136172956615,9.804448522608306,34.06416231676441,8.825145022452896,9.807545426284324,32.852971285995174,8.237427132835982,9.814341391108247,34.81557478256214,0.004069928656623702,0.083537820409626,5.277135912533503,0.7849003524214373,0.003926708337365379,0.08280781201377536,4.6006158833532504,0.7849003524214373,6000,300,pv,/gpfs/loomis/project/kklee/jd848/pv+hf/5k/300g/r3-0.975/recal
47,1013.21,4990,143.6652766811278,-989.2421538378799,160,0.430866515,23.384693012862215,9.218894012689871,25.91604182277693,7.4683431804705425,9.263484984478849,18.607236203915157,10.259321481964275,9.382006789543787,23.16721694352838,0.007048190793206668,0.04642216152153581,2.387675640317006,0.4498575870372053,0.00815878230363625,0.04867831841203519,2.8448811438427826,0.4498575870372053,1000,25,pv,/gpfs/loomis/project/kklee/jd848/pv+hf/5k/300g/r1-1013/recal
48,738.63,4990,480.92320122660226,-582.9544095239,160,0.430866515,20.33127327941126,12.813883254993845,35.95208328608651,7.380909311594827,12.78360495998739,29.943306060853065,11.19708566181695,12.531150759610304,31.02062724869964,0.002393827735894211,0.043742216165880386,1.6091971817082529,0.32588736147750413,0.0022758955495803474,0.04592810749794584,1.5023947964484548,0.32588736147750413,1000,25,pv,/gpfs/loomis/project/kklee/jd848/pv+hf/5k/300g/r1-738/recal
49,518.76,4990,1437.55450795467,528.05563993372,160,0.430866515,8.353191288817683,18.24316811158057,49.815101410494336,5.225457958601888,18.615878979934887,33.67700667855282,6.47900612461776,18.157721887572816,29.736122069465313,0.0016195174922627065,0.05082152469810095,1.0824633333788976,0.27962654672691806,0.0013418830735576835,0.05278984008318299,0.905387492844734,0.27962654672691806,1000,25,pv,/gpfs/loomis/project/kklee/jd848/pv+hf/5k/300g/r1-518/recal
50,738.63,1044,430.90472412158067,-662.9849888805801,160,0.08617330299999999,3.5887225348475265,5.662075899501406,26.853960140296802,3.1884654071931995,5.601052671928669,21.594300852997335,3.241924013140402,5.843602852280449,32.49884725476209,0.0008305777692095541,0.05144085642205856,1.6750881551589296,0.3483607922850752,0.0007464984092291431,0.05414154085483601,1.6060010404910605,0.3483607922850752,1000,25,ppv,/gpfs/loomis/project/kklee/jd848/ppv/1k/r1-738/recal
51,518.76,1044,1378.046725952107,428.37852854223996,160,0.08617330299999999,6.78189015352199,8.043793913130232,47.53568376793157,5.683780298814718,7.797999388842569,37.44077948007778,5.7065121052755385,7.441796223800677,40.19495221013776,0.0008508828671066464,0.052659412195321144,1.3513590199556007,0.3275087922905492,0.0009295790776620919,0.055124146427756975,1.0604227953583012,0.3275087922905492,1000,25,ppv,/gpfs/loomis/project/kklee/jd848/ppv/1k/r1-518/recal
52,1078.16,1044,74.04136180116883,-1085.4034437527,160,0.08617330299999999,4.256740716815197,3.517171018753499,9.296802459511573,2.11815079955895,3.603910281519134,6.93090436580904,1.9737263159349834,3.518227214259557,7.135661977983052,0.0013976123259188604,0.08710165504169608,2.143952947572037,0.34613512209182823,0.0019177283623940256,0.08174206426323563,2.329262819027933,0.34613512209182823,1000,25,ppv,/gpfs/loomis/project/kklee/jd848/ppv/1k/r1-1078/recal
53,939.1,1044,158.57800692219496,-994.28441997324,160,0.08617330299999999,4.4448145670172154,4.134273364417829,11.174988154045407,3.54914639392318,4.19345087481063,7.92994495559245,2.741433064288181,4.169264459222363,8.469516082450024,0.0024446716365357116,0.07317713293335479,8.709482769865385,0.9132337528944926,0.0027195710165608756,0.07047123278944173,5.352829433467776,0.9132337528944926,1000,25,ppv,/gpfs/loomis/project/kklee/jd848/ppv/1k/r1-939/recal
54,1500.0,1044,9.922915740982486,-1128.37681473978,160,0.08617330299999999,5.645115389389295,2.875951151047521,48.29073171673677,2.245104801054728,3.0622411121305535,15.246939354937119,2.572045281979513,2.984398021280685,38.33763684502925,0.002981145013450433,0.11997853313523421,3.508099458230668,0.3501539581515913,0.002159724482701954,0.11130244127410133,3.278233687900952,0.3501539581515913,1000,50,ppv,/gpfs/loomis/project/kklee/jd848/ppv/1k/r1-1500/recal
55,518.76,1973,1389.5511363841576,449.00930696916,160,0.17234660599999999,5.189354055105529,11.587523400508191,48.99051446981584,2.3778093965368288,11.326869915466084,26.91023416584331,5.007013152718903,11.589074683706421,51.35109583363083,0.0006917248878996336,0.04752428433167573,1.1081478576785697,0.23424941221566845,0.0004927107253788077,0.04833470909108165,0.7584633523133242,0.23424941221566845,1000,25,ppv,/gpfs/loomis/project/kklee/jd848/ppv/2k/r1-518/recal
56,738.63,1973,440.28502776357357,-643.3434238678432,160,0.17234660599999999,15.04312542953779,8.25754857296298,37.12292175803512,13.918244107789766,7.898917787477061,36.18688569864656,4.696541860000025,7.222041695558893,34.31752289251503,0.028423995571166216,0.06647926087013736,7.859354499631786,1.0534762450488162,0.025511493789725483,0.04612709666850771,4.856700246267924,1.0534762450488162,102,2,ppv,/gpfs/loomis/project/kklee/jd848/ppv/2k/r1-738/recal
57,1078.16,1973,81.76880883970908,-1064.60424528236,160,0.17234660599999999,8.047938915284375,5.085684621120376,13.788704279674437,3.0189813824820106,5.09604676747586,10.324361709100145,3.441191134923152,5.066655279558636,11.569367912016434,0.007313157942035816,0.07242544799305736,2.419060038389521,0.4356944189288735,0.0070702672195666755,0.07243711877777187,2.9319382683152573,0.4356944189288735,1000,25,ppv,/gpfs/loomis/project/kklee/jd848/ppv/2k/r1-1078/recal
58,939.1,1973,166.7517712590183,-973.36753414272,160,0.17234660599999999,8.470411892101147,5.923246671892296,14.217288175918734,5.433672525848365,5.974349665967661,10.37496023360873,5.618840675161822,5.937633613679926,9.017621122998449,0.00708160305248728,0.05587787140667674,1.5460431326600275,0.3430526310509053,0.0073779353218688,0.05844612204464917,2.010769110206112,0.3430526310509053,1000,25,ppv,/gpfs/loomis/project/kklee/jd848/ppv/2k/r1-939/recal
59,1500.0,1973,16.99269240475001,-1108.62860329908,160,0.17234660599999999,6.503973450889339,4.251199467933893,41.1835311413205,3.289209317488414,4.402615967656646,17.43958733420298,2.9493041439753123,4.267040657394236,31.046686726481227,0.001723088053595308,0.10663267291388187,4.648523570802048,0.4659214336682229,0.0014301959153113738,0.10243250531626716,4.362079320277236,0.4659214336682229,1000,50,ppv,/gpfs/loomis/project/kklee/jd848/ppv/2k/r1-1500/recal
60,738.63,3017,449.66212530456363,-620.7126667140066,160,0.258519909,10.244573012199877,9.48926392626771,20.772431933942485,6.581023287248478,9.526666098831097,17.36375560449555,7.891961175192843,9.59431001215624,17.396329702396397,1.7150080584116268e-06,0.04226302091054962,1.6883310927409474,0.2531513345002179,0.0008997469170039891,0.04546841433606755,1.1670696462199677,0.2531513345002179,1862,46,ppv,/gpfs/loomis/project/kklee/jd848/ppv/3k/r1-738/recal
61,518.76,3017,1400.3855623206548,470.3796076421692,160,0.258519909,5.2678430114068115,14.114936203820676,34.915646513705624,3.306461475244299,13.918587230076586,19.116352702332186,3.7639024365178813,14.089257084576522,26.429993493361994,0.0007855604653064962,0.047478624218481716,0.7395556769658083,0.19924999117518308,0.000847888716348311,0.04830230441528035,0.6451406422996406,0.19924999117518308,2056,51,ppv,/gpfs/loomis/project/kklee/jd848/ppv/3k/r1-518/recal
62,1500.0,3017,23.125225277080496,-1082.4166502382927,160,0.258519909,7.414886063441326,5.275164804973149,37.4945474895992,5.251684853894746,5.381224683373321,26.33368290646091,5.041382120525412,5.369334733219948,26.45683295696656,0.004651485891234911,0.12754470041729254,5.786095788091112,0.5158120763855277,0.004726534738255501,0.12745947106640385,4.829168673001596,0.5158120763855277,1393,69,ppv,/gpfs/loomis/project/kklee/jd848/ppv/3k/r1-1500/recal
63,1281.42,3017,29.45894738538343,-1085.0722156043867,160,0.258519909,6.690450114058954,5.29448930288515,16.364312874292384,4.385517205427233,5.295338734115333,14.26923865684401,4.282158335004054,5.425004930382557,13.795752412549888,0.003930659926238428,0.09763193807208029,4.803233709103213,0.5298823069433226,0.00371271434868551,0.09554100557615686,4.237995842332744,0.5298823069433226,3000,75,ppv,/gpfs/loomis/project/fas/kklee/jd848/ppv/3k/r1-1.1/recal
64,962.75,3017,156.3543843319032,-973.5382152352199,160,0.258519909,6.300298328233346,7.243465686180772,14.3278550258416,4.153620680792462,7.2219125857499336,13.235431856761572,3.7269327784991164,7.385358171764516,12.666878818623026,0.002538421641262592,0.07197993721095794,3.369079179026175,0.6062401331827735,0.0023019131934680437,0.07006484568199031,3.6429047874277605,0.6062401331827735,5000,125,ppv,/gpfs/loomis/project/fas/kklee/jd848/ppv/3k/r1/recal
65,1114.5,3017,74.5106991484216,-1057.2821537595667,160,0.258519909,7.33067680118927,6.11643812416495,14.34083926926518,3.584236645256811,6.117134801316682,12.333455016844143,4.15439126016193,6.239958556585366,12.579356487517172,0.0051166652594352435,0.10173396283661781,10.794900700888602,1.6277418758210367,0.005325520268906299,0.09993655055029387,11.322836053472798,1.6277418758210367,3000,75,ppv,/gpfs/loomis/project/fas/kklee/jd848/ppv/3k/r1-1.05/recal
66,738.63,3946,458.81554376448184,-599.4554143135878,160,0.34469321199999997,13.0968650018145,11.19061885824422,22.465906713609247,7.617222709961921,11.359652354251235,18.75745288641111,8.891118179680474,11.351412025859467,20.275527619222398,0.002564129798798131,0.050065112189754304,0.6772582536982581,0.2970696053391912,0.0019792532618322744,0.049036772146017586,1.3695401601985904,0.2970696053391912,1755,43,ppv,/gpfs/loomis/project/kklee/jd848/ppv/4k/r1-738/recal
67,518.76,3946,1411.9185425608387,491.6958645458754,160,0.34469321199999997,9.853233688396035,16.32662581687978,35.06679436112571,5.875155556339868,16.2416619922339,26.352309482850753,7.592825184028705,16.45940471463466,28.113501872539075,0.0004835740049169804,0.04294480911303886,0.6864757881990409,0.18181893263079454,0.0004927218151384622,0.04269492842560154,0.5887015717683788,0.18181893263079454,2022,50,ppv,/gpfs/loomis/project/kklee/jd848/ppv/4k/r1-518/recal
68,1500.0,3946,27.694592068077906,-1051.216313714929,160,0.34469321199999997,9.590137700773266,6.105699373020735,33.800867773006075,6.396096156352422,6.204266720477259,23.23562089169264,6.036232478060829,6.190443353337898,21.49394546866415,0.004313933727578529,0.08351302496475488,2.4101470086917245,0.33144154465294334,0.004399760522194667,0.08310087230477181,3.103043138472284,0.33144154465294334,1266,63,ppv,/gpfs/loomis/project/kklee/jd848/ppv/4k/r1-1500/recal
69,518.76,4990,1422.7985570830792,513.8386332082,160,0.430866515,16.746226864215572,18.26162591277227,40.21860222923324,13.90777170741853,18.217256461909766,29.563028244152605,13.022006903270654,18.316391138887518,31.25214546140431,0.0006336183207610328,0.049395275217761866,0.6750861351412196,0.1707944846374797,0.0009181306321208406,0.050887665159247905,0.5530061149331869,0.1707944846374797,1000,25,ppv,/gpfs/loomis/project/kklee/jd848/ppv/5k/r1-518/recal
70,738.63,4990,468.2521120745489,-577.95456054888,160,0.430866515,18.178799333750742,12.508804422040882,27.54591701412964,8.876298766737426,12.616985821770161,21.091912384568165,10.144525044745087,12.535115756974797,22.75931687604408,0.003304372117228066,0.05093814298139616,2.1787751324404963,0.28082896877218394,0.003985852670801518,0.04578861854823803,1.2946681315361146,0.28082896877218394,1000,25,ppv,/gpfs/loomis/project/kklee/jd848/ppv/5k/r1-738/recal
71,939.1,4990,191.3447902414903,-910.0042847913601,160,0.430866515,18.92128993773861,9.740287995177507,26.550343991861805,5.892504206414527,9.823777798043169,20.257209546152534,6.913865097743673,9.666073701458815,20.56903271157708,0.008686034421112602,0.059470710711117675,4.370329670192556,1.0175119187142352,0.008428558909712237,0.05898702659138455,5.964045601835175,1.0175119187142352,1000,25,ppv,/gpfs/loomis/project/kklee/jd848/ppv/5k/r1-939/recal
72,1078.16,4990,105.17539896548429,-1000.5151649794201,160,0.430866515,18.906309492951326,8.282430663094733,26.596074135880826,5.993096548661416,8.414699023651,18.31706521085739,9.061114757691135,8.194970676369795,18.365624735292577,0.0044197872967723035,0.06587628568148,5.079008265702414,0.9395579494222123,0.00405953397348809,0.063592482597144,6.322610039355359,0.9395579494222123,1000,25,ppv,/gpfs/loomis/project/kklee/jd848/ppv/5k/r1-1078/recal
73,962.75,3946,164.73560343141085,-952.2027079057867,160,0.34469321199999997,10.012101403242168,8.440664877763103,18.97456761888893,5.174999345358663,8.442604149014151,16.299214530609863,5.338364236203771,8.52499229566047,15.464632907290547,0.005899972498842351,0.07839931099410388,4.805242756960318,0.9066118363603459,0.006013125472209493,0.08510854918734499,5.447842229904064,0.9066118363603459,3000,75,ppv,/gpfs/loomis/project/fas/kklee/jd848/ppv/4k/r1/recal
74,1114.5,3946,82.60200642474798,-1035.9507780138733,160,0.34469321199999997,9.710803466170802,7.184425301865122,17.785743617980188,5.353342097843139,7.289958709713143,15.17057417696934,5.574695859782122,7.348487753750844,14.558792471918675,0.0057721588316072565,0.08481970340120375,11.344357225666679,1.3723945412303673,0.0055569127788379705,0.0854586463826406,9.5465986480162,1.3723945412303673,3000,75,ppv,/gpfs/loomis/project/fas/kklee/jd848/ppv/4k/r1-1.05/recal
75,1281.42,3946,37.60740912170859,-1062.6633869712066,160,0.34469321199999997,9.001800209537167,6.232538352631191,21.76919023060602,5.312773403181106,6.257389487142435,18.70300332841889,7.501613248465324,6.393338783087893,20.11269220285478,0.013941259416470569,0.09789620600255505,6.047814921939263,0.8002411011888892,0.0143879228319149,0.09880120283619566,6.400324025284057,0.8002411011888892,3000,75,ppv,/gpfs/loomis/project/fas/kklee/jd848/ppv/4k/r1-1.1/recal
76,1000.0,9980,212.90790117406036,-702.2544676032975,160,0.86,45.102232073396436,12.716959213775837,56.47090763482167,10.826506126176545,12.597874796723485,37.32226010036114,17.806512572523683,12.224754900412957,39.6068824032683,0.0015388891370912866,0.1065444018366263,6.547106743986296,0.7707031666630255,0.0033340376131947647,0.10679227820824883,4.8103508480744,0.7707031666630255,745,31,ppv,/gpfs/loomis/project/kklee/jd848/ppv/10k/r1-1000/recal
77,519.0,9980,1456.340714124969,622.0678091202399,160,0.86,31.355234899952993,25.472935559443922,49.3124332715856,11.357226810583468,25.57354371087805,44.046462075294606,14.584917267802552,24.762554939849302,38.84464720292148,0.0008351920192482711,0.05693246206135697,0.6792417011926847,0.2276127399816937,0.0010713877626613148,0.05724555750159682,0.7373157897630148,0.2276127399816937,1000,25,ppv,/gpfs/loomis/project/kklee/jd848/ppv/10k/r1-519/recal
78,1000.0,9980,210.43398354074216,-709.3601889513627,160,0.86,46.089937145227076,12.770629017070826,56.20881560229486,12.81253832549152,12.72824327026666,47.4724942868983,13.47402855085497,12.579340094823976,46.69609141510546,0.0016504020451743786,0.10602194882802471,3.088579711003636,0.6227524550186072,0.004029191468469849,0.09558463574723644,3.8869151311648396,0.6227524550186072,953,28,pv,/gpfs/loomis/project/kklee/jd848/pv+hf/10k/pv/r1-1000/recal
79,519.0,9980,1473.0764075135605,643.81438421056,160,0.86,30.171876373155236,26.220909798695576,55.98079246112953,16.508310611161374,26.09429917220341,51.464740737474095,15.301435477445649,25.861102970708167,55.8865902377595,0.0009179140565204458,0.06403290812122346,0.7153315391388722,0.20751689363405507,0.0011228530917106196,0.06279238514411885,0.6722184458183961,0.20751689363405507,1000,25,pv,/gpfs/loomis/project/kklee/jd848/pv+hf/10k/pv/r1-519/recal
80,218.85,9980,12226.422724945047,8944.017847986419,160,0.86,56.64868978172241,51.228411524914485,175.40076371393107,21.75061623724238,51.707783894804464,99.63003938982799,22.339884082917628,50.77382682896788,97.66287581173505,0.0011022719747748155,0.10174131631371845,0.808117389099974,0.7251887246009361,0.0014042965915023445,0.10093543551913675,0.9905746365195923,0.7251887246009361,1000,25,pv,/gpfs/loomis/project/kklee/jd848/pv+hf/10k/pv/r1-218/recal
81,126.65,9980,39440.85286423181,21665.275107819692,160,0.86,149.97542296172048,82.07305901731812,233.1752156989698,37.91806010889099,84.19458956674565,128.93107590959443,55.404954387075854,82.94199306964762,135.04994946385617,0.0008621256898666734,0.12229241682030724,0.9960316590094866,1.2732617268309736,0.0010801035696593752,0.11669996559444483,1.0064970091913028,1.2732617268309736,909,45,pv,/gpfs/loomis/project/kklee/jd848/pv+hf/10k/pv/r1-126/recal
82,218.85,4990,12213.272759037562,8760.822012499159,160,0.43,49.68822099860922,36.36492948134318,75.6439380169994,33.91611183490434,36.64065082767714,64.10910869583402,53.79881185211814,35.65785150080354,66.10108923189364,0.0024076056889475493,0.12869789268847717,1.1967656822533117,1.231763058365269,0.0021270683039199038,0.1348290365723796,1.682532011911624,1.231763058365269,1000,25,pv,/gpfs/loomis/project/kklee/jd848/pv+hf/5k/4000g/r3-218/recal
83,126.65,4990,39741.22460564267,21550.839481741954,160,0.43,82.94225579579745,57.59196894474482,191.07223390938887,33.08793570344018,60.0794778125532,95.84057045445027,43.635753145192545,60.2450962991549,117.69248053684439,0.0007902155651594833,0.15994403542416144,1.1627540793012476,1.5207441619529474,0.002180988897164751,0.16273261009684534,1.202128689252565,1.5207441619529474,942,23,pv,/gpfs/loomis/project/kklee/jd848/pv+hf/5k/4000g/r3-126/recal
84,347.53,4990,4166.884656231822,3154.71135345316,160,0.43,20.992336197702425,25.220764853599665,87.51006686668912,10.447489132481072,26.031783241360287,52.93655893288451,14.266754833985313,25.144758510624516,59.643138511450886,0.0018107507587264457,0.08680809825525321,1.3326781899065578,0.6134008516720382,0.0022104990108918923,0.08758061017191003,1.330534943614023,0.6134008516720382,1000,25,pv,/gpfs/loomis/project/kklee/jd848/pv+hf/5k/4000g/r1-347/recal
85,218.85,4990,12187.30128335804,8849.659782914721,160,0.43,70.92800322703772,34.90289024782468,185.70318173761083,17.189769295726773,36.34827704773218,60.21613297075125,29.9519924166857,34.279228532504604,76.54659702756192,0.001012313882237236,0.1338107238185903,1.3441822872025064,1.121899838103138,0.0019084892586354457,0.13320530377019835,1.5324638768369658,1.121899838103138,1000,25,pv,/gpfs/loomis/project/kklee/jd848/pv+hf/5k/4000g/r1-218/recal
86,126.65,4990,39408.49572422232,21514.55121451966,160,0.43,153.64782685800012,57.00239572865292,256.277026529289,23.557507819615896,60.282009807247675,100.37144721281169,36.43371582945924,58.874733284939886,126.32330353944822,0.0022127829898489293,0.16051051368000452,1.2129148652435566,1.7529378974025178,0.0011637807956735614,0.14784665451086032,1.3856748489762316,1.7529378974025178,1000,25,pv,/gpfs/loomis/project/kklee/jd848/pv+hf/5k/4000g/r1-126/recal
87,347.53,1044,4001.4711375687857,3042.6365054453804,160,0.09,26.70272860697276,10.786653116280709,147.7109319602246,11.112586718358472,12.092927061969155,30.132565377671547,10.978673913690827,10.885454241876026,29.574929975263974,0.0020098157308647375,0.23051729200309837,3.331590803873974,2.0590697085027125,0.0024382918034064945,0.21467462351685118,4.466352126887481,2.0590697085027125,1000,25,pv,/gpfs/loomis/project/kklee/jd848/pv+hf/1k-solid/r1-347/recal
88,218.85,1044,12204.144410778918,8812.52350677062,160,0.09,66.42033092049472,19.048758872200555,167.59348930965862,32.70805807200529,20.538421104408474,37.155672397573404,20.473791045225845,15.099174702320482,25.541993240840505,0.0011581071771292798,0.15635040694071972,0.9089254234427522,1.867570134137123,0.003820879797678172,0.18045341086291197,2.5510154033568915,1.867570134137123,1000,25,pv,/gpfs/loomis/project/kklee/jd848/pv+hf/1k-solid/r1-218/recal
89,126.65,9980,39863.04526963446,21631.68609679889,160,0.86,71.07900746006518,85.49628942365686,185.07680398248294,31.669149605265936,86.4501707618083,157.91927392100766,39.615602121731186,86.66917557323373,148.975713227033,0.000568738855798914,0.11507886178760605,0.9057346531118442,0.9825903712947122,0.0008977236950674676,0.11196003540318114,0.7767250433496983,0.9825903712947122,2000,50,pv,/gpfs/loomis/project/kklee/jd848/pv+hf/10k/r3-0.5-10k/recal
90,218.85,9980,12283.545548170874,8874.692448173813,160,0.86,24.548088842244677,52.45323161213197,86.33888220068815,20.327482836298465,52.68515052915388,82.09447673010241,25.546831290535064,49.928232771473574,84.77548225350162,0.000920879053128466,0.09218747303769823,0.8407119352572684,0.6405148860824015,0.0009576092094358181,0.09353271218978966,0.874914045051665,0.6405148860824015,875,21,pv,/gpfs/loomis/project/kklee/jd848/pv+hf/10k/r3-0.6-10k/recal
91,347.53,9980,4128.718414304853,3189.21488330615,160,0.86,16.05901012104309,35.36895982186174,76.14835740434155,17.472405433652376,35.23015039160577,80.64406015347721,16.7886507091519,34.489355250153814,76.25794298976746,0.0009544436859242195,0.08680108348338952,1.4009972517666494,0.5295555063529555,0.0011188741681960157,0.08652668330910793,1.148665026899153,0.5295555063529555,2000,50,pv,/gpfs/loomis/project/kklee/jd848/pv+hf/10k/r3-0.7-10k/recal
92,1000.0,9980,210.86739990452259,-712.6112417991205,160,0.86,29.640023025834324,12.717832887423501,52.787574259288334,13.645183223219968,12.907874782504306,39.99468720543878,11.427754055692025,12.887540774194987,39.36543752072704,0.002643786677052157,0.10918279912568603,3.9697655163493635,0.4539028232978054,0.002276946043310948,0.10390486302178734,2.8330386138774286,0.4539028232978054,796,36,pv,/gpfs/loomis/project/kklee/jd848/pv+hf/10k/r3-1000/recal
93,4000.0,9980,0.8616891490546248,-849.8486998395746,160,0.86,29.198999833044073,6.447269608851899,62.334303350305355,10.836669533371914,6.923477557418997,25.898010925561046,12.426788864400182,6.695201633991207,27.443805420480025,0.0064548470659334,0.14952233450942887,6.347191585525156,0.15667817382197338,0.004456432145907886,0.15284332628815586,3.9116330069462806,0.15667817382197338,94,5,ppv,/gpfs/loomis/project/kklee/jd848/ppv/10k/r1-4000/recal
94,4000.0,9980,0.5395416666611625,-839.5624354281817,160,0.86,25.358648029127327,6.299687212559205,63.47591633704072,11.348627821335171,6.516053005717905,24.684224326522404,9.333890193724116,4.058000987996112,16.70450963947765,0.010950319276657083,0.18012047414448099,6.51504777665546,0.08695343267494061,0.004770475981362322,0.1575139624152586,2.1708825742700695,0.08695343267494061,110,5,pv,/gpfs/loomis/project/kklee/jd848/pv+hf/10k/pv/r1-4000/recal
95,347.53,4990,4039.486018309361,3079.5614383889,160,0.43,14.867204939030916,25.07766194316409,49.41562775944588,6.679374470886802,25.29476960052283,46.40907920626884,12.659686044179484,24.44532986943476,43.71858431667698,0.0007168555257053187,0.12099925766193385,1.512836098579371,0.7486072346131437,0.0011410202581651325,0.11665595985283522,1.6238126862393039,0.7486072346131437,1000,25,pv,/gpfs/loomis/project/kklee/jd848/pv+hf/5k/4000g/r3-347/recal
96,4000.0,9980,1.1944246736563615,-830.5239043797873,160,0.86,34.26291792454486,6.465380638755185,59.8302801236422,7.628272669326043,6.63579446411336,23.311232881465394,20.635716777028396,5.688177124067951,34.1480074230604,0.0020166528096952517,0.17405424086022242,3.448534782737511,0.12734839351116084,0.010073635174898309,0.16452266760345463,3.1793846410659308,0.12734839351116084,93,5,pv,/gpfs/loomis/project/kklee/jd848/pv+hf/10k/r3-4000/recal
97,1000.0,19960,274.4395648598131,-587.8588727043925,160,1.72,107.06612595905597,17.046773410629374,122.93553591999942,31.670928147858717,17.067047435100967,50.09943971630126,28.494626127086878,16.456901531232177,57.31890143768095,0.006955753603025071,0.12488856883523598,4.248582056988601,0.6153523510665423,0.0036297712191896473,0.11684254669571538,3.840727314815542,0.6153523510665423,214,11,pv,/gpfs/loomis/project/kklee/jd848/pv+hf/20k/melt/r3-1000/recal
98,519.0,19960,1578.1500668396611,1057.8477431498573,160,1.72,116.43975071442618,33.38470369483345,115.82695372869348,27.570914081296564,33.38854026100654,80.85252994025944,46.1403133946537,33.09762325141108,79.1749134477812,0.002600689125609719,0.07212025981454905,0.6366735419471866,0.2672063591149837,0.0024830043335377977,0.06924672028915863,0.8655731121043988,0.2672063591149837,419,21,pv,/gpfs/loomis/project/kklee/jd848/pv+hf/20k/melt/r3-519/recal
99,347.53,19960,4251.328343835306,3542.734281578903,160,1.72,104.46984282714179,48.20476932705301,119.92985445256853,32.33579564540779,48.63936860756664,112.40641431656749,47.73584142039862,47.422658808868,104.94388211967365,0.00111856323466756,0.08027241694483578,0.8266195164196835,0.5417643738404625,0.0018399949102489758,0.07592214683127885,1.1751474238012793,0.5417643738404625,473,23,pv,/gpfs/loomis/project/kklee/jd848/pv+hf/20k/melt/r3-347/recal
100,218.85,19960,12404.129775171812,9137.753163252077,160,1.72,85.34738894404138,73.07973099313585,149.546448151842,39.5542225134674,73.39742690919613,127.3761735404616,66.63965318055156,72.48561845731659,131.43364591197235,0.001077300098238863,0.07813170542695447,0.9300580972522473,0.6231938322742128,0.0017272316525511935,0.07710905660592711,0.8512542776033714,0.6231938322742128,673,16,pv,/gpfs/loomis/project/kklee/jd848/pv+hf/20k/melt/r3-218/recal
101,126.65,19960,40233.899466169736,21907.857251046233,160,1.72,73.06159694204803,119.35756189596216,222.00140508562566,31.207980140554536,118.99713115054816,154.13514794434357,25.900118676510644,112.71784042181177,161.21857261960355,0.0006952306020712154,0.08988086516865335,0.852419806987609,0.8862125593521722,0.00042142581170299476,0.08999038912653226,0.7005396233151214,0.8862125593521722,737,18,pv,/gpfs/loomis/project/kklee/jd848/pv+hf/20k/melt/r3-126/recal
102,1000.0,14970,248.41241275910372,-600.7532481735294,160,1.29,60.982053261521756,15.27575066736472,78.30164620826197,13.993992939814541,15.27915751521495,45.92345303712954,19.72933803506257,15.078615611970903,42.10788333577572,0.0016588343185029875,0.13386777532109392,4.897282156495599,0.5021037481453491,0.0032579704420137544,0.12213920558449658,3.1338851261893854,0.5021037481453491,475,23,pv,/gpfs/loomis/project/kklee/jd848/pv+hf/15k/melt/r3-1000/recal
103,519.0,14970,1497.738343873964,887.0536247599415,160,1.29,68.3831904116593,29.269806562230833,88.30260030785337,28.926714505639453,29.320556550919903,71.74261363870612,23.218519768704677,27.982823653836434,69.81222063398194,0.0027954628088783175,0.0750306528453767,1.2883859892363025,0.3740320245428813,0.001958506201039464,0.07231314877584291,1.2116181088750748,0.3740320245428813,681,34,pv,/gpfs/loomis/project/kklee/jd848/pv+hf/15k/melt/r3-519/recal
104,347.53,14970,4138.125014474134,3311.340468496681,160,1.29,51.69782480894108,42.09863181720582,94.39509921523086,23.55768587813573,42.22491591122102,84.2701092718045,26.468005462410183,40.312008896210266,94.39352687968807,0.0015190348081845406,0.07377059586415863,1.2139456245006015,0.5477067634295025,0.0017687826227987026,0.0772445078185089,1.1880371303858623,0.5477067634295025,909,22,pv,/gpfs/loomis/project/kklee/jd848/pv+hf/15k/melt/r3-347/recal
105,218.85,14970,12287.216780403596,8962.52801947974,160,1.29,40.50596012750769,63.67120871631838,123.00673175546008,29.64302346851806,63.66212754221099,108.19789599964825,30.00006635467358,62.60626233744334,110.48969393202921,0.0008093361344464811,0.07944769747957602,0.714935596326419,0.5596923128815976,0.0006447494508955945,0.08070212258309829,0.7645141058978661,0.5596923128815976,1000,25,pv,/gpfs/loomis/project/kklee/jd848/pv+hf/15k/melt/r3-218/recal
106,126.65,14970,40181.95609234645,21777.22271453437,160,1.29,101.25333419286581,104.41342692092677,209.13966625393107,54.502750030047615,104.59827000019692,151.63605475480838,63.54996209624003,100.8423851385926,155.69020942441898,0.0005330451289572949,0.0985489905178989,0.7069744232492228,0.9896442707704649,0.0008457891842705458,0.09822516864224731,0.782301060107189,0.9896442707704649,841,21,pv,/gpfs/loomis/project/kklee/jd848/pv+hf/15k/melt/r3-126/recal
107,519.0,14970,1502.7699664384897,908.1385331259719,160,1.29,69.94654581021085,29.401563996115208,92.69103886075061,26.00892711792442,29.329800995434805,75.59997864187977,20.800401794615233,28.720831763555495,81.93713164585958,0.0013770306891202446,0.07326539363707688,1.0710536532341146,0.24200953948876788,0.0023398624154108314,0.07226915807163081,0.7839519648711037,0.24200953948876788,709,35,pv,/gpfs/loomis/project/kklee/jd848/pv+hf/15k/pv/r1-519/recal
108,347.53,14970,4152.854125133165,3334.0278727733184,160,1.29,63.54298610047516,42.83330321658548,122.7755420737502,22.59714621104551,42.88800065853346,83.01362193986608,29.110264481549873,42.27979969067427,79.58958963147184,0.0010205429058316303,0.07522409953094032,0.673397289680993,0.4838072644034099,0.0010979324191563381,0.07478485417799324,1.0494319815636959,0.4838072644034099,915,45,pv,/gpfs/loomis/project/kklee/jd848/pv+hf/15k/pv/r1-347/recal
109,218.85,14970,12290.00672737234,8995.89874815436,160,1.29,80.83809483525438,63.12583965244377,167.17644059889582,25.260377316879804,63.0702939121949,114.50045407452352,42.12810003458425,62.468922949107,128.33189484690755,0.0003223435299006421,0.08150124038115938,0.9802148759203686,0.7068660395136405,0.0010313227285918536,0.08215312536798054,0.9655466865464339,0.7068660395136405,999,49,pv,/gpfs/loomis/project/kklee/jd848/pv+hf/15k/pv/r1-218/recal
110,126.65,14970,39469.80155502806,21816.54305629043,160,1.29,145.8363527561876,99.229311836525,252.75843791139306,52.66972685713214,100.75446624626034,148.95710561784273,73.84055035847754,97.92539998190212,187.74718695682787,0.0008420084772838606,0.1019476669614211,0.9084181362573666,0.995942152557105,0.001260170119922822,0.1033882308752172,0.7872794546107845,0.995942152557105,846,21,pv,/gpfs/loomis/project/kklee/jd848/pv+hf/15k/pv/r1-126/recal
111,519.0,24950,1636.839430685615,1160.05727548875,160,2.15,183.3524293319957,34.08530276311436,156.6060277272457,47.06422602011953,36.52222678698849,90.06191606708899,145.5217513445052,31.021361127049687,141.0962616610036,0.0016110156081425794,0.07010980475574337,0.7558408560807854,0.40606059104041614,0.003541008073088609,0.06664318684514531,1.3153696291283195,0.40606059104041614,175,10,pv,/gpfs/loomis/project/kklee/jd848/pv+hf/25k/r3-519/recal
112,347.53,24950,4353.677310074585,3728.459423474661,160,2.15,189.61453118814077,52.42524737445423,158.99206451772508,70.71211340476633,53.10342342018364,126.11370043965339,94.55501686832821,46.68674695389613,133.21922825212346,0.0024026985843984263,0.07118465008928156,1.2650766156335262,0.5819175625475105,0.0013412833258563323,0.07190559742505882,1.2622441738736443,0.5819175625475105,236,12,pv,/gpfs/loomis/project/kklee/jd848/pv+hf/25k/r3-347/recal
113,218.85,24950,12531.172303143265,9385.148631420794,160,2.15,160.09287664134777,79.30582025693893,154.3728088533259,30.123588344948207,79.34168369366589,137.70044751036357,95.32240431065411,77.21161194159801,128.96219957775392,0.0023560362929936312,0.08196128548512761,1.2631992596176147,0.5529736112315157,0.0022407769442751185,0.08322999845269015,0.7553366666753024,0.5529736112315157,252,12,pv,/gpfs/loomis/project/kklee/jd848/pv+hf/25k/r3-218/recal
114,126.65,24950,40011.65587184682,22111.749582533816,160,2.15,87.32423970580128,132.40939833047034,306.61493335700067,78.16444221171218,132.5423226211602,218.74432274742733,48.39655768110525,116.92245440053475,181.9606894217211,0.0003443321401377375,0.09434455671433198,0.9389185072725665,1.0275381056473294,0.0011374096699215117,0.08887549680006304,0.8122556489137497,1.0275381056473294,304,7,pv,/gpfs/loomis/project/kklee/jd848/pv+hf/25k/r3-126/recal
115,126.65,30056,40119.77329899252,22236.37859810263,160,2.59,118.67582340560698,143.7964081692182,331.7977324191278,108.07785158169196,142.59705919097644,206.36480121021958,100.05316295530461,134.67687731142757,169.74696090264095,0.000983955278046089,0.1261520197674393,0.6993565602170169,0.7995481728150275,0.0008448588059079713,0.09531017870584219,0.6320325410594285,0.7995481728150275,206,5,pv,/gpfs/loomis/project/kklee/jd848/pv+hf/30k/melt/r3-126/recal
116,519.0,19960,1623.1987031794079,1053.3442615747867,160,1.72,47.526096502845746,33.47563091097364,87.71518905731318,28.27657267553459,33.542218946303485,80.13223470279064,28.669040851325878,33.16887321822913,82.99662982245366,0.0013736646868570148,0.06802246690495387,0.855339368261091,0.2414518375045633,0.0014992466767981935,0.06942255529935835,0.782145376720681,0.2414518375045633,844,42,pv,/gpfs/loomis/project/kklee/jd848/pv+hf/20k/pv/r1-519/recal
117,347.53,19960,4312.698037234735,3528.1785788494267,160,1.72,46.82910707822335,48.386345165253836,112.43844196275492,37.75671670253081,48.41655782953306,102.33908253930618,43.55411144404735,48.08673058408663,108.44781073106375,0.0006579518479100621,0.07720094131029163,0.39624745718891546,0.4183607606142139,0.001091266223500906,0.07171480327836743,0.9074712066617229,0.4183607606142139,941,47,pv,/gpfs/loomis/project/kklee/jd848/pv+hf/20k/pv/r1-347/recal
118,218.85,19960,12520.226003260887,9110.143426732038,160,1.72,34.03849658544312,73.37114584513418,145.2580366151755,33.79252780979818,73.34968485647043,139.2570641439733,34.124738964882965,72.95215275719109,148.36123559330707,0.001292383812685542,0.07374657413331903,0.7198801757521679,0.5010200625442566,0.0010706569279510044,0.07385705875746838,0.6843704948900134,0.5010200625442566,1000,50,pv,/gpfs/loomis/project/kklee/jd848/pv+hf/20k/pv/r1-218/recal
119,126.65,19960,39901.54864241372,21903.047876815937,160,1.72,107.56552948393585,117.64037729673717,237.90245538703203,42.31732510069546,117.26068122490344,173.35086181222587,44.286034525611555,113.77477958373487,159.18824933433427,0.0008755428090492599,0.08927332641476832,0.6147837852380169,0.8127405906780126,0.0007534612658868306,0.0878665817284626,0.6424609776041634,0.8127405906780126,1000,50,pv,/gpfs/loomis/project/kklee/jd848/pv+hf/20k/pv/r1-126/recal
120,519.0,24950,1683.5445369923284,1145.162781133246,160,2.15,88.55984186980115,37.03643076580532,107.79467416512242,39.476622368586966,36.84983472661134,100.01081064898756,43.61992313742497,35.24206991756566,98.2334465276129,0.0022886030125326183,0.06815826294757935,1.2609465880425867,0.19717821651459636,0.0012916058049561112,0.06835503440534023,0.6387279220188425,0.19717821651459636,382,20,pv,/gpfs/loomis/project/kklee/jd848/pv+hf/25k/pv/r1-519/recal
121,347.53,24950,4414.527344660834,3719.1814351470957,160,2.15,80.86973038420665,53.43258485933589,119.37781182192647,39.49636683140898,53.2803541340069,110.53767384556174,47.90720812048276,51.514420656840876,122.59688923493295,0.0009558045417209931,0.07233146839172862,0.8794169421240029,0.4024331023459,0.0012988391554304853,0.07030136295692008,0.8729223372916081,0.4024331023459,482,24,pv,/gpfs/loomis/project/kklee/jd848/pv+hf/25k/pv/r1-347/recal
122,218.85,24950,12619.198920763502,9371.005725072884,160,2.15,61.845112867421804,80.06778761016714,153.5379536227311,40.38810568944892,79.45250221041594,147.81740134906806,35.361330930222685,76.06335854979926,154.78536295874108,0.002652777909455153,0.08376443276446245,1.205800732482342,0.5735849709386888,0.002956275381543785,0.07684584432495706,0.7834908415231572,0.5735849709386888,505,25,pv,/gpfs/loomis/project/kklee/jd848/pv+hf/25k/pv/r1-218/recal
123,126.65,24950,40169.19437543014,22107.12031016713,160,2.15,103.6623861988461,130.960498725745,261.6979979505593,43.01451375672343,130.40451592219532,201.82516299360347,83.70781744743543,129.66602344621316,206.0935675941104,0.0005904596435574369,0.09925748072433269,0.7474886758710132,0.8803662376317143,0.0007076458521646605,0.08999090795294254,0.6959181812326233,0.8803662376317143,662,33,pv,/gpfs/loomis/project/kklee/jd848/pv+hf/25k/pv/r1-126/recal
124,519.0,14970,1523.1539944532938,775.2173303909,160,1.29,35.58979580558869,30.74343416179933,68.87165335754277,25.837090578221357,30.665499988753183,66.71851502232704,26.195347520844127,31.025152115030867,68.18397981982942,0.0010592081467027882,0.056291958776870134,0.6090448217799752,0.16695119115881144,0.0015047540645372818,0.057366554969446114,0.5408122118781021,0.16695119115881144,1000,50,ppv,/gpfs/loomis/project/kklee/jd848/ppv/15k/r1-519/recal
125,519.0,19960,1595.3871801535026,1047.5956652081193,160,1.72,67.18599780186612,33.09760409503098,85.59613897317624,30.608199305469192,33.186263244318596,73.67309996956529,32.41724631544782,32.905087510161486,74.25136446110196,0.0010208130808944576,0.07302133510587311,0.9596626816172832,0.256678168270524,0.001582335870155578,0.0730116924281123,0.8314686883015711,0.256678168270524,840,42,ppv,/gpfs/loomis/project/kklee/jd848/ppv/20k/r1-519/recal
126,519.0,24950,1663.135569092236,1164.4504520591463,160,2.15,118.10857429702195,36.682587237276216,109.09480135308836,26.983270234028986,37.15522867933459,89.78365187553294,46.60140760213637,34.0165784346005,85.77003165148824,0.0022704590721044893,0.07230750841072947,1.3084369091465313,0.28118137393912823,0.0020370176392730272,0.06684653174386483,0.9108429818526507,0.28118137393912823,328,19,ppv,/gpfs/loomis/project/kklee/jd848/ppv/25k/r1-519/recal
127,6108.19,19960,15.560008248414842,-1044.0315808712426,160,1.72,11.415756345155753,7.113179372661825,26.103254515852427,8.255239263049273,6.24973457639149,20.829532869131338,5.60571904311136,5.964420360627305,19.34014086328918,0.006276440292007824,0.20589809246620874,2.4149901631694544,0.06841064427155763,0.004866235056323203,0.13725425817207657,2.608109541783457,0.06841064427155763,337,14,pv,/gpfs/loomis/project/kklee/jd848/pv+hf/20k/melt/r3-6108/recal
128,5500.0,14970,2.1250112972234096,-877.9745892686486,160,1.29,5.125354078155123,5.712418376074201,19.99528266476467,5.49969725769034,5.003982646599601,19.272724005912075,0.06693383500004302,4.829185815620289,14.78666903285763,0.016822602275911612,0.21510252901852192,7.880941756422027,0.33215168507051174,0.023135699822008603,0.20913536756037776,11.402202754498054,0.33215168507051174,73,2,pv,/gpfs/loomis/project/kklee/jd848/pv+hf/15k/melt/r3-5500/cont1/recal
129,8000.0,24950,5.0210369647435895,-1266.5611307922115,160,2.15,9.053622413918763,5.8412763460454,21.573524593725356,3.2342719604628893,4.515491718665069,16.804265518690737,18.233826701130102,22.587732360358853,57.7509716785038,0.002690673789459197,0.3883280650307762,4.399229730104203,0.07147836517279423,0.0016047364349809333,0.24086453350200615,3.56906294823369,0.07147836517279423,207,7,pv,/gpfs/loomis/project/kklee/jd848/pv+hf/25k/r3-8000/cont2/recal
130,1000.0,24950,297.4093324320988,-614.9194823546296,160,2.15,141.845588803336,17.310844169718,159.64330890591935,61.895920723035395,19.027009971350765,82.7105006982367,123.75603322006857,21.38235265092452,137.54396418265688,0.0024318782507408267,0.12867178732480708,9.86081060979176,0.4434687665162785,0.0034779077933507507,0.13569820711915054,2.767914353255544,0.4434687665162785,107,7,pv,/gpfs/loomis/project/kklee/jd848/pv+hf/25k/r3-1000/recal
131,9500.0,30056,9.76659699990838,-1575.096201903214,160,2.59,16.570802144158645,5.552421660257139,26.561606489622545,13.597738894115198,4.575938984005155,22.325764669794932,245.61092095500004,40.04623062891025,253.3765440267562,0.027462548970781774,1.5753512203248408,9.181617708549519,0.259930928461321,0.0033991136694043076,0.2576537274383836,15.412431989861112,0.259930928461321,56,2,pv,/gpfs/loomis/project/kklee/jd848/pv+hf/30k/melt/r3-9500/cont1/recal
132,1000.0,30056,391.61502818181816,-546.1736039918184,160,2.59,172.99374763381024,21.61167510338321,60.46929974448819,222.95398138290045,22.076590671608564,55.62395721665212,40.82007619578694,18.471108990825893,54.60255060173911,0.0004397265925433837,0.12474037127378383,2.4042732360196077,0.3660592793384914,0.0020298115277503923,0.12223868445340232,2.284762332605443,0.3660592793384914,87,8,pv,/gpfs/loomis/project/kklee/jd848/pv+hf/30k/melt/r3-1000/cont1/recal
133,519.0,30056,1769.6949494637638,1196.2773828485185,160,2.59,48.66376798771069,39.97279595879999,96.5992778019951,40.928055778478885,39.805989298508614,87.61419238101442,36.80089063123564,37.85205114219459,102.93288478945928,0.0005195901293767458,0.06576999481137132,0.2867186630250076,0.2196767491200224,0.0008778723274439319,0.06521417718854604,0.7116083914416562,0.2196767491200224,215,13,pv,/gpfs/loomis/project/kklee/jd848/pv+hf/30k/melt/r3-519/cont1/recal
134,347.53,30056,4578.259369517429,3837.4767790085707,160,2.59,48.82264569772198,57.220575270011935,120.22544272858815,47.60832264698172,57.15118521903886,116.3691205149375,48.476620142736586,53.7366280127442,100.84843601773254,0.0002864915862045747,0.07669497572638452,1.3236842153036474,0.38878539860844086,0.002065084708078319,0.07839341173812718,0.843318943893501,0.38878539860844086,195,12,pv,/gpfs/loomis/project/kklee/jd848/pv+hf/30k/melt/r3-347/cont1/recal
135,519.0,30056,1742.3916726509262,1203.2026549545928,160,2.59,83.01613906375783,40.10292946897604,110.70771857548642,38.82954823542308,40.280220841044745,98.6064295659446,47.482974206498284,39.42892274116853,100.035027044178,0.00042906802152163404,0.06586413571268993,1.373833023704813,0.2582869324188231,0.0012543197758324127,0.06660227862927444,0.8366800275642194,0.2582869324188231,957,47,pv,/gpfs/loomis/project/kklee/jd848/pv+hf/30k/pv/r1-519/recal
136,347.53,30056,4502.254035906594,3829.77497733024,160,2.59,87.54324797815941,57.17777077596213,130.9005651352906,46.9107492551882,56.6981704803151,127.18692581894982,48.55313612976973,55.630744381535756,126.06427519716414,0.0014467656609077968,0.07271302705043771,1.0596217624425595,0.3651950359771112,0.0011520974419267846,0.07244022871197012,0.7921488130924889,0.3651950359771112,1000,50,pv,/gpfs/loomis/project/kklee/jd848/pv+hf/30k/pv/r1-347/recal
137,218.85,30056,12761.265218883951,9571.855928533598,160,2.59,107.50698349697703,86.89778832280668,162.10212954808077,62.07406313304479,86.64606839951077,166.1418727408921,54.862782703641116,84.2694766716686,157.92689124013125,0.0007249766936319491,0.08662993511375798,0.6644439069944031,0.5795952701979136,0.0014721158136961183,0.08501968470194529,0.7917006354734931,0.5795952701979136,377,20,pv,/gpfs/loomis/project/kklee/jd848/pv+hf/30k/pv/r1-218/recal
138,126.65,30056,40151.97854546404,22284.64389941043,160,2.59,84.68008998580613,142.254694188627,280.83924676828116,49.45091910404513,140.6254114747583,215.37347357682498,91.46909403021289,138.82392091247016,230.31801401339322,0.0009162017198655949,0.10118050487478897,0.7624875790027662,1.049994290470231,0.0006450212512589194,0.10624269050583383,0.8300069740229651,1.049994290470231,418,18,pv,/gpfs/loomis/project/kklee/jd848/pv+hf/30k/pv/r1-126/recal
139,519.0,30056,1686.3351940792552,1139.303509281667,160,2.59,219.44952105072696,34.64449554769853,155.80081671540214,79.93239157159121,36.461909223885506,102.41354486085146,42.92252253368004,34.75174052224601,101.85975631103699,0.0014520607830773376,0.06134512959351402,0.6187943991823627,0.3359529360127183,0.0018287920599146979,0.06586381846353032,1.0882668709991503,0.3359529360127183,60,10,ppv,/gpfs/loomis/project/kklee/jd848/ppv/30k/r1-519/recal
