,vol,T,P(GPa),E(eV),N,sigma(eV),Est_all,Fst_all,Vst_all,Est_eq,Fst_eq,Vst_eq,Est_tr,Fst_tr,Vst_tr,Eaerr_test,Ferr_test,Verr_test,Verr_test(GPa),Eaerr_tr,Ferr_tr,Verr_tr,Verr_tr(GPa),Ndata,Ntrain,phase,path
0,2100.0,1044,3.6211443360703828,-1147.0225619841622,160,0.09,16.354594622193396,3.0441222675174204,23.922443321262705,1.7808966623048008,3.29281530680091,12.452502907448396,4.899964381858283,3.075910383166118,14.163730939564253,0.0028023714779821566,0.14508980929487048,3.267402191302996,0.32074867956068354,0.011066891708750486,0.1736607861564474,4.204107202245324,0.32074867956068354,894,44,pv,/gpfs/loomis/project/kklee/jd848/pv+hf/1k/r1-2100/recal
1,939.1,1044,191.0249995517285,-922.935156330925,160,0.08617330299999999,18.020580036198403,4.7295235862668985,26.5291041223981,10.093279862390682,4.831015164762709,24.63928331987765,10.050049117452405,4.377812794543009,21.97645610886352,0.020803664889058944,0.175758491895741,3.01611936797853,0.5802115254866025,0.019383313411993158,0.17533412353823843,3.400852543413099,0.5802115254866025,1000,50,pv,/gpfs/loomis/project/kklee/jd848/pv+hf/1k/r1-939/recal
2,2100.0,1044,-1.709727136689227,-1144.4554921991,160,0.09,20.302584168201175,2.8257126095338654,41.55331101946585,2.7478359468452926,3.004073127645471,13.590754936969738,3.882061806762123,2.9170000481377,16.58228550559422,0.003921786865119563,0.1407072486462395,2.192153595125579,0.2371154259929198,0.006801737334878559,0.16085828344658248,3.107911999967261,0.2371154259929198,1000,50,pv,/gpfs/loomis/project/kklee/jd848/pv+hf/1k-solid/r1-2100/recal
3,939.1,1044,168.44502707219087,-1012.2142898085751,160,0.08617330299999999,6.026288149778381,4.368379486939206,20.844379973130806,5.6409426230031725,4.460931267296693,17.945762475260977,6.3815869355855215,4.4657811634630695,19.610534816767693,0.04075778869384557,0.07385135817873778,1.752344980076633,0.3002964082672647,0.039338222991612035,0.07316628899514535,1.7601577338144887,0.3002964082672647,1000,25,pv,/gpfs/loomis/project/kklee/jd848/pv+hf/1k-solid/r1-939/recal
4,518.76,1044,1401.040352232267,458.00291213484996,160,0.08617330299999999,17.73736507891026,8.109182050567059,39.8780878242705,16.025460705055767,8.68797491557333,19.89351077851913,16.55217639263902,7.520476912920853,27.31559570466792,0.00017827482960012885,0.06555868953783106,1.2306579318862287,0.42541195447084285,0.0005485784063217242,0.06094478451560569,1.3774180863474403,0.42541195447084285,1000,25,pv,/gpfs/loomis/project/kklee/jd848/pv+hf/1k-solid/r1-518/recal
5,2400.0,3017,0.15324896946062738,-1072.628271204156,160,0.258519909,4.949513435234956,5.293090295512439,20.9447689623515,4.515500198913754,5.448933835748389,18.826180337385118,4.6408840038007995,5.017740380624912,25.33201018101747,0.015985932440539617,0.16573682567298287,3.86949184328862,0.29774298689979184,0.02108449742876757,0.17441622272259774,4.460077367766696,0.29774298689979184,192,9,pv,/gpfs/loomis/project/kklee/jd848/pv+hf/3k/solid0/r3/cont1/recal
6,1273.0,3017,30.70506208215754,-1112.07617952915,160,0.258519909,7.094164588948429,5.437980490384499,14.005548389745007,4.519094622576287,5.434481557724403,12.569638613605289,3.6652764538380587,5.411631101659277,12.464151177630722,0.0992431314470684,0.15583281329136253,2.1762580004895296,0.351533577292568,0.09826231704367766,0.16079721153891813,2.7930893391141356,0.351533577292568,4000,100,pv,/gpfs/loomis/project/kklee/jd848/pv+hf/3k/solid1/r1-k111/recal
7,1273.0,3017,62.99684823762833,-1061.163034272165,160,0.258519909,18.31708010445711,5.897630151137425,25.976925764835368,5.253410030410571,5.8862266677490815,22.05549659954768,5.188586450743103,5.933803616503682,23.44519508774029,0.06634463441441737,0.19553546384753343,3.5125404173009476,0.46277121930251297,0.06727948028918208,0.19468690010131642,3.67692147372582,0.46277121930251297,5000,250,pv,/gpfs/loomis/project/kklee/jd848/pv+hf/3k/solid1/r3-3k/recal
8,1195.07,3017,49.96399451392604,-1103.6750149026875,160,0.258519909,7.341197093616467,5.825566652892488,13.175054895487094,3.4086377301349726,5.842055472786839,11.402638022431445,4.099108148933255,5.820699007779654,12.141273776024457,0.0434989058159481,0.1416097009725263,5.40680138398726,0.7009856406126872,0.04338032720096458,0.14114489120997592,5.228680150810774,0.7009856406126872,4000,100,pv,/gpfs/loomis/project/kklee/jd848/pv+hf/3k/solid2/r1-k111/recal
9,1195.07,3017,67.97517131146547,-1046.1887282018063,160,0.258519909,4.311472915155993,6.149660538773672,22.50861932200741,4.1675153880493845,6.165533973475365,22.67910874559123,4.361609880312205,6.1070661215228315,21.030137181805685,0.03277952557618482,0.19759961814163962,4.671534467179553,0.6337255221523472,0.03206427903285096,0.19813606085517466,4.726984215887802,0.6337255221523472,8000,200,pv,/gpfs/loomis/project/kklee/jd848/pv+hf/3k/solid2/r4-3k-re/recal
10,1078.16,3017,92.75685543979526,-1068.616233138075,160,0.258519909,4.189751310440448,6.584300569192246,12.736684191415995,4.166594007488473,6.617782456334509,12.145232048650096,3.8216814182836925,6.488381968014639,11.987515592056015,0.017315150082502843,0.1259104948574337,3.9114950149147996,0.5923802856994663,0.01759794814535452,0.1259709645797035,3.9863315975165716,0.5923802856994663,4000,100,pv,/gpfs/loomis/project/kklee/jd848/pv+hf/3k/solid3/r1/cont2/recal
11,1078.16,3017,109.13823978892113,-996.8790528942155,160,0.258519909,4.667142413497923,6.764588085759682,24.11063215584304,3.888756658407158,6.741565891427482,23.056873638861486,4.096105976367632,6.749742719528516,22.421610578499553,0.015156930231902118,0.20312959692753554,5.105235728214266,0.7473857481005532,0.0165902164075707,0.2012270103499316,5.029416905170787,0.7473857481005532,8000,200,pv,/gpfs/loomis/project/kklee/jd848/pv+hf/3k/solid3/r3/recal
12,1013.21,3017,128.44820012837096,-1033.21023893182,160,0.258519909,4.1219141235020675,7.127654934290565,13.120546813586998,4.283374773928519,7.0880248216918496,12.890046211437122,4.400334236437352,6.993133777712787,13.288838923064008,0.05807139419604125,0.11079377394641218,1.3477040322678768,0.21670333257135593,0.0574303689934626,0.11169695299735552,1.3704230903393766,0.21670333257135593,5000,125,pv,/gpfs/loomis/project/kklee/jd848/pv+hf/3k/solid4/r1/cont1/recal
13,1013.21,3017,141.60046077180567,-959.5888247369907,160,0.258519909,5.9371863749612555,7.1289013411128845,26.781565724659224,4.300982398565313,7.152872790774891,22.087228471539298,5.000768006259169,7.095344589773921,24.53200950378255,0.045197380367985776,0.18341921189789098,2.8925530212277146,0.4705734266894673,0.04395151057841996,0.18169785019642593,2.9758872740132993,0.4705734266894673,8000,200,pv,/gpfs/loomis/project/kklee/jd848/pv+hf/3k/solid4/r3/cont1/recal
14,518.76,3017,1362.6645783667236,530.0440720355084,160,0.26,5.376451437638785,13.321189600428177,39.40102017136653,4.427156128923271,13.38350495883645,31.69378654828247,6.549402083676847,13.295250572254679,38.00210206216436,0.0034678775240085434,0.07642477479333869,0.9311200091279337,0.30965742941071606,0.003292987333770225,0.07688234628629079,1.002622844420818,0.30965742941071606,6000,150,pv,/gpfs/loomis/project/kklee/jd848/pv+hf/3k/300g/r3-0.8/recal
15,738.63,3017,452.2218300108357,-550.6447839068959,160,0.258519909,4.878771875773248,9.447598070936587,23.901809586910247,4.27495277018679,9.474972865249672,23.31072016918389,4.662040691559038,9.392740692550085,23.17028549968204,0.005390964791243863,0.095795450243045,1.5581872981051836,0.3255763726333839,0.005444069075612656,0.0947425278569732,1.5009610862884732,0.3255763726333839,6000,150,pv,/gpfs/loomis/project/kklee/jd848/pv+hf/3k/300g/r3-0.9/recal
16,868.7,3017,257.9769633257356,-801.8166568236501,160,0.258519909,4.582263459355263,8.065281519962463,22.97345474611195,4.264155998858362,8.055607203330114,21.870295432589344,3.8723530322092636,8.019595852339569,23.269374648083385,0.087625874906515,0.14852784552264495,2.3771674567025998,0.4537368856349971,0.08782220301731115,0.14835092245047707,2.460160930037221,0.4537368856349971,6000,150,pv,/gpfs/loomis/project/kklee/jd848/pv+hf/3k/300g/r3-0.95/recal
17,939.1,3017,194.8375694043541,-894.6549389016376,160,0.258519909,4.970171848939024,7.561415181104999,25.50019675371707,3.2900135369003687,7.6147581185408555,21.134863755505606,4.442921486314193,7.547836935591214,24.2776592078856,0.061902067123657756,0.16458302550246875,3.500163470762684,0.5877665299675923,0.06168793507450802,0.16617772452406046,3.4451354558959615,0.5877665299675923,6000,150,pv,/gpfs/loomis/project/kklee/jd848/pv+hf/3k/300g/r3-0.975/recal
18,1013.21,3017,128.3803372379716,-1033.274523389875,160,0.258519909,14.878101980554696,6.919684451952792,16.44345259521424,5.583071525387814,7.036212867001676,12.717017399635035,8.030663836040027,6.932904603525319,12.921604890481813,0.05878574830492853,0.10553088750550206,0.9233259716056574,0.24998263321664574,0.056106660189147395,0.11420940580125685,1.580880038525136,0.24998263321664574,1000,25,pv,/gpfs/loomis/project/kklee/jd848/pv+hf/3k/300g/r1-1013/recal
19,738.63,3017,458.16199538668684,-623.5057857904,160,0.258519909,16.88103048709677,9.111969453897826,59.44461089453534,15.799378173623328,9.528350790772416,59.49151520155379,17.359587457542048,6.808564701685495,89.11909314596954,0.0061502668844944704,0.04919764662204351,2.4153973956737453,0.20597070523189434,0.01178127638258125,0.043988967192361866,0.9495591187035883,0.20597070523189434,123,3,pv,/gpfs/loomis/project/kklee/jd848/pv+hf/3k/300g/r1-738/recal
20,518.76,3017,1414.2716815051429,485.00718678625,160,0.258519909,12.403659965263788,13.548397047563336,44.93857191112694,7.101363633891309,14.075167087405,25.7950608271432,8.365336023104268,13.145428029393196,33.71612500116865,0.002379443551529184,0.04355077557021728,1.6259218195807787,0.40773581505840534,0.0028557329114131834,0.044363190166958735,1.320185481885783,0.40773581505840534,1000,25,pv,/gpfs/loomis/project/kklee/jd848/pv+hf/3k/300g/r1-518/recal
21,1488.78,3946,29.08170097012215,-1055.3825003766042,160,0.34469321199999997,6.443795536007407,6.229552468966257,25.08237312497988,6.192674302539872,6.225611243101505,24.84824387578372,6.363059763301534,6.194106185587787,24.921723043713907,0.0037450210840197984,0.14908905307201828,3.880785698114052,0.42118678731374964,0.00397447370185109,0.14690582930008544,3.913766167077528,0.42118678731374964,6000,217,pv,/gpfs/loomis/project/kklee/jd848/pv+hf/4k/25g/r3-4k/cont1/recal
22,1078.16,3946,116.82133476282864,-974.0888584047374,160,0.34469321199999997,6.935022055917417,7.739232649791236,26.57644666474729,6.339882420251379,7.7108520795318,25.179847462790878,6.078132406893352,7.7694428577213595,26.421786720317815,0.0074633698653557914,0.1591765311439104,2.5991594954228776,0.38493427946459347,0.0073326127393331265,0.15906121072346976,2.590355753289657,0.38493427946459347,6000,300,pv,/gpfs/loomis/project/kklee/jd848/pv+hf/4k/100g/r3/recal
23,1013.21,3946,149.37559289628607,-934.6668644493708,160,0.34469321199999997,7.7234569107210715,8.198281525085207,29.648270824105747,5.552584852497417,8.235337435286322,27.49156753383364,6.840935844525849,8.213031316138718,28.340050512428224,0.015257437315317507,0.14915733647537835,2.2423212235910395,0.353560584718063,0.015471646377314768,0.14950129447524377,2.2359028049187013,0.353560584718063,6000,300,pv,/gpfs/loomis/project/kklee/jd848/pv+hf/4k/140g/r3-4k/cont1/recal
24,1195.07,3946,76.36975072373669,-1016.0472031336786,160,0.34469321199999997,6.570840463900331,7.120140115445706,27.46864174035571,5.878841226497048,7.124731420295418,26.949857859211185,6.378231309321608,7.108522586430355,26.704596636614934,0.04526668266612596,0.15874803780855093,3.2180315147595597,0.4581743423131183,0.046083010944602244,0.1585524272836931,3.417540888811216,0.4581743423131183,5741,287,pv,/gpfs/loomis/project/kklee/jd848/pv+hf/4k/60g/r3/recal
25,1488.78,3946,29.179919329513396,-1050.9641027209832,160,0.34469321199999997,8.124662564019651,6.212416885949595,24.558144548715624,6.39237652174597,6.269795584084359,24.776709707494653,8.604104710959696,6.211993784764431,24.310747517231672,0.004618463275076905,0.15189761758996945,3.9978069286055007,0.5050313530054535,0.005585391589306343,0.15419067736768752,4.692869487460312,0.5050313530054535,3000,150,pv,/gpfs/loomis/project/kklee/jd848/pv+hf/4k/25g/r1-0.99/cont1/recal
26,1195.07,3946,58.234522863958716,-1081.6012362481051,160,0.34469321199999997,5.463775750468118,6.882413599408843,15.124440720789046,6.127808404801956,6.897126043927482,16.00802829283336,5.965421317940275,6.868752501228752,15.931118713021748,0.04736238904871341,0.10761342152735351,2.597983664244549,0.3586633626273483,0.046881086696284685,0.10761883507301269,2.675284479941059,0.3586633626273483,5000,125,pv,/gpfs/loomis/project/kklee/jd848/pv+hf/4k/60g/r1/cont1/recal
27,1078.16,3946,101.59637411070238,-1047.1384568312299,160,0.34469321199999997,5.138861750287628,7.702938550305129,15.587542154658964,5.339947633118111,7.698377136762909,16.141472840833448,5.010982519027313,7.655141286585487,14.575287457381437,0.004186440667693423,0.09747068550402413,1.67286383749254,0.237360944917617,0.0034702422598580757,0.09825937610733365,1.5972838016110562,0.237360944917617,5000,125,pv,/gpfs/loomis/project/kklee/jd848/pv+hf/4k/100g/r1/cont1/recal
28,1013.21,3946,137.9893621789175,-1008.3630635846799,160,0.34469321199999997,6.234481932423245,8.290194649460586,19.13179171050228,5.045650806403353,8.259796588760821,17.308105416560323,6.772569418613875,8.253276294022827,19.78025281591713,0.04121995486392565,0.08411337178563173,1.375450272432487,0.18643719026146668,0.04074486307107755,0.08457598278360776,1.1790212333175787,0.18643719026146668,5000,125,pv,/gpfs/loomis/project/kklee/jd848/pv+hf/4k/140g/r1-0.78/re2/recal
29,738.63,3946,458.7277401217415,-528.7504659713001,160,0.34469321199999997,5.4256693547947235,10.978936079760551,28.268604277387205,5.485663272084407,10.967193589944836,29.139853878890282,5.607552361670626,10.875457041084525,28.701646962883366,0.008099850102371105,0.07497763506191799,1.1532327072783275,0.23952134376311793,0.008345376647652914,0.07587036169617875,1.1042331279020483,0.23952134376311793,6000,150,pv,/gpfs/loomis/project/kklee/jd848/pv+hf/4k/300g/r3-0.9/recal
30,939.1,3946,201.29723797336638,-868.4399748733375,160,0.34469321199999997,6.102102334284577,8.779053755169786,33.921794112235915,5.291590783792346,8.825072748793357,28.662778473925837,5.130682696734171,8.756647970950413,32.37245529615599,0.03638875661998596,0.13544210627018105,2.2221387513457675,0.37895562383897974,0.03711346548500192,0.1348491523069421,2.2212109559399824,0.37895562383897974,6000,300,pv,/gpfs/loomis/project/kklee/jd848/pv+hf/4k/300g/r3-0.975/recal
31,868.7,3946,262.3691780409938,-779.7355609505252,160,0.34469321199999997,6.338503474882591,9.358101102874196,29.850984817691064,5.783837445293586,9.312811832460325,27.16855168751496,6.28502978324489,9.340521200476195,30.37379502225361,0.060629899387187346,0.1206144973105856,2.028228172982142,0.3469376048623894,0.06176010588788049,0.12221239827632531,1.8810953388738754,0.3469376048623894,6000,150,pv,/gpfs/loomis/project/kklee/jd848/pv+hf/4k/300g/r3-0.95/recal
32,518.76,3946,1370.1286032433297,550.6961482868709,160,0.34469321199999997,6.641629999977988,15.413196687041832,45.1969640493087,6.003852948082927,15.547010582427,42.11299011622634,5.417628421283996,15.384683603978148,47.10334066765906,0.0033282262147602106,0.06926241277352646,0.8973639700607595,0.2570126849575428,0.0037485856057986404,0.06827678035316376,0.8321673073846348,0.2570126849575428,6000,150,pv,/gpfs/loomis/project/kklee/jd848/pv+hf/4k/300g/r3-0.8/recal
33,1013.21,3946,136.02707263049928,-1011.071506273525,160,0.34469321199999997,18.99140094759261,8.055068615608354,20.981189832234676,5.634669742062442,8.19124796415311,16.78297404783211,7.49230962567319,7.7165925351718565,18.72769642698177,0.038877822122386586,0.08372159033650162,0.9619544222332024,0.16558757739463148,0.03724089793377184,0.08994076519150783,1.047169126761075,0.16558757739463148,1000,25,pv,/gpfs/loomis/project/kklee/jd848/pv+hf/4k/300g/r1-1013/recal
34,738.63,3946,471.52899198579195,-605.1274313461499,160,0.34469321199999997,16.01260245465882,11.425738688398416,32.54451812261825,7.204158924450501,11.544725990107377,22.42029852418076,16.919662181500087,11.110474525712688,29.206539940933126,0.003757222480103538,0.045265551657189464,1.5051205431844068,0.32869274800286563,0.0037376212370246846,0.04339234626400737,1.5153280937037414,0.32869274800286563,1000,25,pv,/gpfs/loomis/project/kklee/jd848/pv+hf/4k/300g/r1-738/recal
35,518.76,3946,1425.5938709052348,506.14062761405,160,0.34469321199999997,10.404369375261394,15.991063845651597,47.33405663658176,7.097028993129612,16.42216557922966,30.054053670243356,8.162888236804715,15.8993520025021,39.08580576831401,0.004983908564893772,0.03909820022664329,0.6925038540448948,0.28585084976784947,0.004966500784456903,0.04161032171012558,0.9255408230306489,0.28585084976784947,1000,25,pv,/gpfs/loomis/project/kklee/jd848/pv+hf/4k/300g/r1-518/recal
36,2900.0,4990,0.37973066481917206,-985.4569263315311,160,0.43,25.443105167592726,5.98634556498056,29.35431799278866,8.027982414879752,5.993735262907387,24.394602815029337,7.454186019666087,5.965850290186047,24.072322659147957,0.007127248091003513,0.14649108935397112,3.7926849626930172,0.14339585152262208,0.005088703238029459,0.15292932225933786,2.5955188960875146,0.14339585152262208,766,35,pv,/gpfs/loomis/project/kklee/jd848/pv+hf/5k/0g/r3/recal
37,1195.07,4990,84.37062401080333,-979.7672240759374,160,0.430866515,8.561818505014218,7.967657555421887,30.99739850021005,9.062975035990359,7.929276863485524,30.439186686903188,8.697545494310551,7.959691461118751,30.67603025328897,0.05284671282546094,0.1319252738715649,2.6580254914452373,0.39431428509984723,0.05315732543226781,0.13265220341081543,2.941206147790235,0.39431428509984723,6000,300,pv,/gpfs/loomis/project/kklee/jd848/pv+hf/5k/60g/r3/cont3/recal
38,1195.07,4990,66.04382649762891,-1058.0478942174943,160,0.430866515,6.936615302721447,7.762255949286754,19.470182675497636,6.459638528281566,7.789308187462642,18.727329154080337,5.482774612576938,7.680678853381269,17.870982302305613,0.057302013301003964,0.09641543136547469,2.0559700858584105,0.2670916724444871,0.05653041299387673,0.09317749325567755,1.9922475515143478,0.2670916724444871,2204,55,pv,/gpfs/loomis/project/kklee/jd848/pv+hf/5k/60g/r1/cont2/recal
39,1078.16,4990,109.11108538315933,-1024.1489978864824,160,0.430866515,7.191131843495758,8.6849540853887,19.256601032899688,7.504168136261443,8.696971678899834,20.511327002088443,7.569662333048048,8.578865955280389,19.19544715994747,0.012526470280510954,0.0875334703395127,2.842901062272535,0.37464097277282205,0.012628234842079302,0.09019530045897216,2.521088536437754,0.37464097277282205,2351,58,pv,/gpfs/loomis/project/kklee/jd848/pv+hf/5k/100g/r1/cont2/recal
40,1078.16,4990,127.91830791288717,-932.7504003203335,160,0.430866515,7.786800619406263,8.734777606051473,33.53525246618073,8.198715883614074,8.695467410119399,32.97709386986958,7.9800500115499675,8.739235866050631,32.56720640029536,0.0195281224366284,0.1389918291375442,3.316185947656274,0.47547238342883785,0.019394092279798096,0.13821504626167225,3.199617933893371,0.47547238342883785,6000,300,pv,/gpfs/loomis/project/kklee/jd848/pv+hf/5k/100g/r3/cont3/recal
41,1013.21,4990,143.64393146253624,-989.26087653895,160,0.430866515,6.722079484065828,9.306057915104088,18.751781699652298,7.54649265780587,9.237551313451897,19.07572744575262,6.439623895826928,9.078211989962496,19.4196895677141,0.0168814050109505,0.08279522714017408,1.2325036922100052,0.19217569277466282,0.01680132506567824,0.07933908465752298,1.2153112905803807,0.19217569277466282,2500,62,pv,/gpfs/loomis/project/kklee/jd848/pv+hf/5k/140g/r1/cont2/recal
42,1013.21,4990,160.0161156345443,-896.7066055541835,160,0.430866515,8.205237926300242,9.148763992764668,32.349729834782835,7.511968901748101,9.135205015196094,30.658458778841382,8.044510357564468,9.121136624831776,33.14776316820237,0.0036067131994566835,0.13029096416003189,1.7797018671732217,0.27815041249994565,0.004231736320910659,0.1300373311944389,1.7590119328314067,0.27815041249994565,6000,300,pv,/gpfs/loomis/project/kklee/jd848/pv+hf/5k/140g/r3/cont3/recal
43,518.76,4990,1376.0194713297985,576.301951496326,160,0.430866515,17.169253451093535,17.262955838177522,51.37292140418778,7.611311339338255,17.318233234464927,40.36967649920395,8.963841014118797,17.18937401634066,44.56683600358173,0.004401089539316949,0.10101813394880561,0.6573776946617874,0.2561554016694907,0.0039564284119892375,0.07200484521001364,0.8293915567418133,0.2561554016694907,4279,106,pv,/gpfs/loomis/project/kklee/jd848/pv+hf/5k/300g/r3-0.8/recal
44,738.63,4990,469.9297655583996,-502.57768281503746,160,0.430866515,10.653871887614157,12.283925681410448,40.96910365165419,8.676175004621596,12.228776044588752,33.466769476488174,8.437738263994438,12.17208414066459,37.183557370430364,0.00608904417710707,0.07526442060310179,1.6405403795813351,0.2975686332964745,0.006403062215578381,0.0738944852983725,1.3718407618632438,0.2975686332964745,6000,150,pv,/gpfs/loomis/project/kklee/jd848/pv+hf/5k/300g/r3-0.9/recal
45,868.7,4990,270.95780361240037,-757.1038179145667,160,0.430866515,8.199900535093045,10.552937435855066,35.48112670910526,6.909138718893126,10.539140745244438,33.15593964267057,7.991321037316812,10.472710334155492,35.17327638460832,0.04065003594767119,0.09901642697121053,1.7422023766927202,0.33380547946333144,0.040580951096998844,0.09964327687768701,1.8098929683857488,0.33380547946333144,6000,300,pv,/gpfs/loomis/project/kklee/jd848/pv+hf/5k/300g/r3-0.95/recal
46,939.1,4990,207.33769374393407,-832.5421347904291,160,0.430866515,9.235136172956615,9.804448522608306,34.06416231676441,8.707268849005274,9.797933885022287,33.095693032258616,8.237427132835982,9.814341391108247,34.81557478256214,0.019869605255448834,0.11673678273843563,2.644146657184921,0.436666089094025,0.02012397246078407,0.1169736053892537,2.559475147399423,0.436666089094025,6000,300,pv,/gpfs/loomis/project/kklee/jd848/pv+hf/5k/300g/r3-0.975/recal
47,1013.21,4990,143.98613721777363,-988.7557563726,160,0.430866515,23.384693012862215,9.218894012689871,25.91604182277693,8.011210116365802,9.280419844017565,19.246837376321587,10.259321481964275,9.382006789543787,23.16721694352838,0.014952651564049952,0.08298885719361031,1.0109973297746622,0.18271426005279792,0.017237401219880856,0.0823385808998288,1.1554775736002014,0.18271426005279792,1000,25,pv,/gpfs/loomis/project/kklee/jd848/pv+hf/5k/300g/r1-1013/recal
48,738.63,4990,480.80981064542715,-582.783389091,160,0.430866515,20.33127327941126,12.813883254993845,35.95208328608651,7.820287135126075,12.821120810930108,29.51668110957507,11.19708566181695,12.531150759610304,31.02062724869964,0.0019671517007372767,0.04170333751929633,0.8102220040430795,0.19376011299046483,0.001465098523809202,0.04222072044826634,0.8932662629085533,0.19376011299046483,1000,25,pv,/gpfs/loomis/project/kklee/jd848/pv+hf/5k/300g/r1-738/recal
49,518.76,4990,1437.809509138674,528.107027823925,160,0.430866515,8.353191288817683,18.24316811158057,49.815101410494336,4.964319048863726,18.737076504504234,33.24957478835233,6.47900612461776,18.157721887572816,29.736122069465313,0.004120157004617204,0.04002662400831749,0.5127409618406449,0.19390561249919647,0.004010808570657468,0.0422688888226231,0.6278363710603657,0.19390561249919647,1000,25,pv,/gpfs/loomis/project/kklee/jd848/pv+hf/5k/300g/r1-518/recal
50,738.63,1044,430.87625914691654,-663.036739882775,160,0.08617330299999999,3.5887225348475265,5.662075899501406,26.853960140296802,3.0376290489986983,5.58753351207101,21.72426135138654,3.241924013140402,5.843602852280449,32.49884725476209,0.013814462710094644,0.04777679657836649,2.1854017346379075,0.5172434213393929,0.013441578979093904,0.04955950185777562,2.3845779756363537,0.5172434213393929,1000,25,ppv,/gpfs/loomis/project/kklee/jd848/ppv/1k/r1-738/recal
51,518.76,1044,1377.8851964467879,428.05395926330004,160,0.08617330299999999,6.78189015352199,8.043793913130232,47.53568376793157,5.091901220780354,7.652056282310438,33.244717859299925,5.7065121052755385,7.441796223800677,40.19495221013776,0.00194360985572726,0.054047967933161495,1.144358203968342,0.28741747402318035,0.0015775277814389864,0.053031020370645214,0.9306133099721302,0.28741747402318035,1000,25,ppv,/gpfs/loomis/project/kklee/jd848/ppv/1k/r1-518/recal
52,1078.16,1044,74.0573806906021,-1085.3295971141251,160,0.08617330299999999,4.256740716815197,3.517171018753499,9.296802459511573,2.103717813700126,3.639321657143836,6.803148428550874,1.9737263159349834,3.518227214259557,7.135661977983052,0.10647054802803921,0.1061398952617095,2.5896718558932594,0.35824137440481224,0.1057731902183174,0.1010976660416615,2.41072997329991,0.35824137440481224,1000,25,ppv,/gpfs/loomis/project/kklee/jd848/ppv/1k/r1-1078/recal
53,939.1,1044,158.5522048958609,-994.618965394675,160,0.08617330299999999,4.4448145670172154,4.134273364417829,11.174988154045407,2.8131906935342346,4.174043822461492,7.7319447535178245,2.741433064288181,4.169264459222363,8.469516082450024,0.05631339984563073,0.06845474090050287,2.7410533251447617,0.4033495902163147,0.056520788958676516,0.06907590326773047,2.364193780227586,0.4033495902163147,1000,25,ppv,/gpfs/loomis/project/kklee/jd848/ppv/1k/r1-939/recal
54,1500.0,1044,10.832711374611417,-1128.883236835425,160,0.08617330299999999,5.645115389389295,2.875951151047521,48.29073171673677,1.8961448594484178,3.1151979992284136,11.8309787304218,2.572045281979513,2.984398021280685,38.33763684502925,0.03610857281944752,0.19885575646231807,5.11720964941151,0.5379293971926034,0.029335472120514995,0.1914027875246247,5.036236862487771,0.5379293971926034,1000,50,ppv,/gpfs/loomis/project/kklee/jd848/ppv/1k/r1-1500/recal
55,518.76,1973,1389.5196350861586,449.04485138620004,160,0.17234660599999999,5.189354055105529,11.587523400508191,48.99051446981584,2.2896313776750046,11.349747341506216,22.517496254990743,5.007013152718903,11.589074683706421,51.35109583363083,0.006423622334925559,0.04021718482706366,1.1048163316687472,0.26710192420272366,0.006038477585367815,0.04318158076195701,0.8648347029943438,0.26710192420272366,1000,25,ppv,/gpfs/loomis/project/kklee/jd848/ppv/2k/r1-518/recal
56,738.63,1973,440.1166306669848,-640.1599635134147,160,0.17234660599999999,15.04312542953779,8.25754857296298,37.12292175803512,13.486362072678137,8.094509521278683,36.7772065286799,4.696541860000025,7.222041695558893,34.31752289251503,0.00032457425576133404,0.06156430913549795,1.9584175107417632,0.8379711604789714,0.0019876574930535185,0.050276190277382456,3.86318605719966,0.8379711604789714,102,2,ppv,/gpfs/loomis/project/kklee/jd848/ppv/2k/r1-738/recal
57,1078.16,1973,81.9370187636395,-1064.325984074375,160,0.17234660599999999,8.047938915284375,5.085684621120376,13.788704279674437,2.7480271681228365,5.1010213813981125,10.458804500835326,3.441191134923152,5.066655279558636,11.569367912016434,0.04660443184550241,0.1505890720571944,1.93316358855138,0.28197656075566707,0.04602996831366765,0.1475210837918764,1.8975176943508802,0.28197656075566707,1000,25,ppv,/gpfs/loomis/project/kklee/jd848/ppv/2k/r1-1078/recal
58,939.1,1973,166.68330148184972,-973.6501898476001,160,0.17234660599999999,8.470411892101147,5.923246671892296,14.217288175918734,4.551662174082005,5.931044593339987,10.036175436212098,5.618840675161822,5.937633613679926,9.017621122998449,0.062245937554989396,0.09736828436925832,2.1839721176093136,0.38392305701400786,0.06244480315354637,0.10490694454635231,2.250327074812942,0.38392305701400786,1000,25,ppv,/gpfs/loomis/project/kklee/jd848/ppv/2k/r1-939/recal
59,1500.0,1973,17.503041699395514,-1109.075834994375,160,0.17234660599999999,6.503973450889339,4.251199467933893,41.1835311413205,3.341207142376251,4.437108606901222,17.130249838977242,2.9493041439753123,4.267040657394236,31.046686726481227,0.013972309297667832,0.17241297789412793,5.72226319993192,0.5735631823404326,0.01850433680497064,0.170078631231333,5.369849755272679,0.5735631823404326,1000,50,ppv,/gpfs/loomis/project/kklee/jd848/ppv/2k/r1-1500/recal
60,738.63,3017,449.6927326145352,-620.5699753045772,160,0.258519909,10.244573012199877,9.48926392626771,20.772431933942485,6.171832405945568,9.534231754792035,17.115495605746258,7.891961175192843,9.59431001215624,17.396329702396397,0.004663234914151193,0.04638701095040626,0.47536001252457566,0.20099526133280354,0.004755146539038671,0.04930959017129749,0.9266214969740287,0.20099526133280354,1862,46,ppv,/gpfs/loomis/project/kklee/jd848/ppv/3k/r1-738/recal
61,518.76,3017,1400.420203502349,470.3927776984447,160,0.258519909,5.2678430114068115,14.114936203820676,34.915646513705624,3.4183137707747506,13.95255851911034,18.400791419675098,3.7639024365178813,14.089257084576522,26.429993493361994,0.004339691854905573,0.03435231985807699,0.8247718709457342,0.271427252324163,0.0042663463090912524,0.034560437407659475,0.8788394462114646,0.271427252324163,2056,51,ppv,/gpfs/loomis/project/kklee/jd848/ppv/3k/r1-518/recal
62,1500.0,3017,23.240573281177603,-1082.7750901504658,160,0.258519909,7.414886063441326,5.275164804973149,37.4945474895992,5.233912055431517,5.387973486339468,25.910766760201287,5.041382120525412,5.369334733219948,26.45683295696656,0.08939992795571351,0.1703775031089885,6.241746032153644,0.6702127687218781,0.09291680899815298,0.1757766922272078,6.274708668391631,0.6702127687218781,1393,69,ppv,/gpfs/loomis/project/kklee/jd848/ppv/3k/r1-1500/recal
63,1281.42,3017,29.5430856771532,-1085.06288154075,160,0.258519909,6.690450114058954,5.29448930288515,16.364312874292384,4.454022699198033,5.2998411039233595,14.54692639382809,4.282158335004054,5.425004930382557,13.795752412549888,0.10359422003079732,0.18424897408347707,4.062038819698827,0.5146832308358298,0.10377372461368413,0.1837608093745459,4.116433713333892,0.5146832308358298,3000,75,ppv,/gpfs/loomis/project/fas/kklee/jd848/ppv/3k/r1-1.1/recal
64,962.75,3017,156.27360120258075,-973.54856844987,160,0.258519909,6.300298328233346,7.243465686180772,14.3278550258416,4.210987825635807,7.204514669581667,13.296788616260606,3.7269327784991164,7.385358171764516,12.666878818623026,0.06517483464771678,0.11877976887418132,1.8236227665906564,0.2862680783819131,0.06489855657550385,0.1175082449631421,1.7201885789880753,0.2862680783819131,5000,125,ppv,/gpfs/loomis/project/fas/kklee/jd848/ppv/3k/r1/recal
65,1114.5,3017,74.51788675934571,-1057.3476332753335,160,0.258519909,7.33067680118927,6.11643812416495,14.34083926926518,3.5739689026716177,6.107612156720923,12.112719201965898,4.15439126016193,6.239958556585366,12.579356487517172,0.02966918765080371,0.16773389879724893,4.357437247642868,0.6207102192049646,0.030308956861406073,0.16640146590473906,4.3177607906830655,0.6207102192049646,3000,75,ppv,/gpfs/loomis/project/fas/kklee/jd848/ppv/3k/r1-1.05/recal
66,738.63,3946,458.787002197327,-599.3975362139744,160,0.34469321199999997,13.0968650018145,11.19061885824422,22.465906713609247,7.276960489729167,11.38572693889837,19.467705504696333,8.891118179680474,11.351412025859467,20.275527619222398,0.00518107316969759,0.04733879476182689,1.5747824086226807,0.40482656351842133,0.004356066216000427,0.046663399414917296,1.866317612738015,0.40482656351842133,1755,43,ppv,/gpfs/loomis/project/kklee/jd848/ppv/4k/r1-738/recal
67,518.76,3946,1411.9141519772359,491.89323632347345,160,0.34469321199999997,9.853233688396035,16.32662581687978,35.06679436112571,5.124576963477193,16.280520807847676,27.269099899030987,7.592825184028705,16.45940471463466,28.113501872539075,0.00268000520764134,0.03634045260104483,0.5243760242460314,0.12927416261287827,0.002678004221384294,0.03643868458944073,0.41856973648492735,0.12927416261287827,2022,50,ppv,/gpfs/loomis/project/kklee/jd848/ppv/4k/r1-518/recal
68,1500.0,3946,27.789529155566285,-1050.3112872989745,160,0.34469321199999997,9.590137700773266,6.105699373020735,33.800867773006075,6.088552472432607,6.252558157249768,23.655463653997437,6.036232478060829,6.190443353337898,21.49394546866415,0.016881297999148195,0.16218279378797723,4.31153385855902,0.576569055337925,0.01846739147649405,0.16021569587896042,5.397991530890322,0.576569055337925,1266,63,ppv,/gpfs/loomis/project/kklee/jd848/ppv/4k/r1-1500/recal
69,518.76,4990,1422.715846560253,513.9521530546,160,0.430866515,16.746226864215572,18.26162591277227,40.21860222923324,13.291519564467468,18.138596653603308,30.20453175773772,13.022006903270654,18.316391138887518,31.25214546140431,0.0030067715963621802,0.036546417785013156,0.8404143830263887,0.2126203519036363,0.0030241424717374257,0.037521790943881125,0.6884318015978527,0.2126203519036363,1000,25,ppv,/gpfs/loomis/project/kklee/jd848/ppv/5k/r1-518/recal
70,738.63,4990,468.1234877170608,-577.857298195825,160,0.430866515,18.178799333750742,12.508804422040882,27.54591701412964,8.167240348874452,12.644375218688774,21.069420944480065,10.144525044745087,12.535115756974797,22.75931687604408,0.0017557500581217654,0.04563375140518186,1.7625049636376506,0.25083937828081304,0.002041826656839271,0.04165834213544434,1.1564111445281484,0.25083937828081304,1000,25,ppv,/gpfs/loomis/project/kklee/jd848/ppv/5k/r1-738/recal
71,939.1,4990,191.16816618148556,-909.864916133675,160,0.430866515,18.92128993773861,9.740287995177507,26.550343991861805,5.817299611004156,9.802946819655382,19.88505619248754,6.913865097743673,9.666073701458815,20.56903271157708,0.03178946435933877,0.07788209868354833,2.59812063222582,0.39300672622582944,0.032282720233259586,0.08101558144149558,2.3035701046142516,0.39300672622582944,1000,25,ppv,/gpfs/loomis/project/kklee/jd848/ppv/5k/r1-939/recal
72,1078.16,4990,105.30997105158266,-1000.62295018345,160,0.430866515,18.906309492951326,8.282430663094733,26.596074135880826,5.416678490109582,8.425257908507083,17.719396305137952,9.061114757691135,8.194970676369795,18.365624735292577,0.028670675354513862,0.11553908839931948,2.0556209546251636,0.3289792182185187,0.02852492227247606,0.11505856159651175,2.213814814857135,0.3289792182185187,1000,25,ppv,/gpfs/loomis/project/kklee/jd848/ppv/5k/r1-1078/recal
73,962.75,3946,164.71873628745576,-952.1773257178,160,0.34469321199999997,10.012101403242168,8.440664877763103,18.97456761888893,5.31230506549276,8.423178173772058,15.863881103061145,5.338364236203771,8.52499229566047,15.464632907290547,0.04977356804553483,0.09399575984531874,2.9088915149100556,0.4693580915257866,0.04960302876403829,0.0934143932142216,2.8203788318345375,0.4693580915257866,3000,75,ppv,/gpfs/loomis/project/fas/kklee/jd848/ppv/4k/r1/recal
74,1114.5,3946,82.6159343017424,-1035.915047717425,160,0.34469321199999997,9.710803466170802,7.184425301865122,17.785743617980188,5.510337475165646,7.289810718745141,15.434232577997221,5.574695859782122,7.348487753750844,14.558792471918675,0.027933972061297312,0.13194395114258495,5.120581953204681,0.6978449035166484,0.028429548912310774,0.13067351906338362,4.85432214446469,0.6978449035166484,3000,75,ppv,/gpfs/loomis/project/fas/kklee/jd848/ppv/4k/r1-1.05/recal
75,1281.42,3946,37.818474760084534,-1062.508561593975,160,0.34469321199999997,9.001800209537167,6.232538352631191,21.76919023060602,5.555991259462653,6.267676186675177,18.605884106417953,7.501613248465324,6.393338783087893,20.11269220285478,0.09233414844973695,0.1712980004395482,10.847686177566064,1.234821916554814,0.0936028843259191,0.16880863053002912,9.87609905031308,1.234821916554814,3000,75,ppv,/gpfs/loomis/project/fas/kklee/jd848/ppv/4k/r1-1.1/recal
76,1000.0,9980,212.57311372328525,-701.2631246517785,160,0.86,45.102232073396436,12.716959213775837,56.47090763482167,10.468335727854994,12.488933142233453,36.54763578666336,17.806512572523683,12.224754900412957,39.6068824032683,0.003765830942944747,0.10022039129122765,2.3092079419950795,0.29831367448282337,0.0022297193446673804,0.09810996384219753,1.8619275216603097,0.29831367448282337,745,31,ppv,/gpfs/loomis/project/kklee/jd848/ppv/10k/r1-1000/recal
77,519.0,9980,1455.9776457371497,622.0433743246749,160,0.86,31.355234899952993,25.472935559443922,49.3124332715856,10.992806824480168,25.560335357954077,42.95103738374589,14.584917267802552,24.762554939849302,38.84464720292148,0.003223857197345986,0.04081587871339022,0.45646640573336944,0.13123107613465654,0.0030539749842480902,0.04018983300690024,0.42510249887355456,0.13123107613465654,1000,25,ppv,/gpfs/loomis/project/kklee/jd848/ppv/10k/r1-519/recal
78,1000.0,9980,210.72573749353657,-710.3743815914921,160,0.86,46.089937145227076,12.770629017070826,56.20881560229486,13.401222544470453,12.801474754375146,48.584612963969555,13.47402855085497,12.579340094823976,46.69609141510546,0.004864190351300921,0.0957832430954682,2.1377590533223336,0.25855241133992274,0.006406565650359854,0.09170872225493389,1.6137572348972495,0.25855241133992274,953,28,pv,/gpfs/loomis/project/kklee/jd848/pv+hf/10k/pv/r1-1000/recal
79,519.0,9980,1472.2524159609093,643.364569956175,160,0.86,30.171876373155236,26.220909798695576,55.98079246112953,15.569434454427308,25.96022270961075,50.31087332490559,15.301435477445649,25.861102970708167,55.8865902377595,0.005694674900882356,0.040428326654109545,0.40222704204568194,0.1522011925437225,0.005581341618705074,0.03890183074250399,0.49303190362838667,0.1522011925437225,1000,25,pv,/gpfs/loomis/project/kklee/jd848/pv+hf/10k/pv/r1-519/recal
80,218.85,9980,12222.7987054846,8940.24822960505,160,0.86,56.64868978172241,51.228411524914485,175.40076371393107,21.53105460820742,51.532131350563034,97.2910410402639,22.339884082917628,50.77382682896788,97.66287581173505,0.004369136688051688,0.08510077988456664,0.9727897360563338,0.541558172491915,0.004714416918182662,0.08464351061365345,0.7397436993599126,0.541558172491915,1000,25,pv,/gpfs/loomis/project/kklee/jd848/pv+hf/10k/pv/r1-218/recal
81,126.65,9980,39415.848077283044,21661.638533626206,160,0.86,149.97542296172048,82.07305901731812,233.1752156989698,35.079419632201734,83.9563107241086,128.1504763064131,55.404954387075854,82.94199306964762,135.04994946385617,0.005466302868269144,0.09611051196967357,1.0297250282467847,1.1663682058304699,0.004227997269110966,0.09296419801649508,0.9219990564752412,1.1663682058304699,909,45,pv,/gpfs/loomis/project/kklee/jd848/pv+hf/10k/pv/r1-126/recal
82,218.85,4990,12210.071487853886,8760.070353425424,160,0.43,49.68822099860922,36.36492948134318,75.6439380169994,31.980288015230748,36.61281717874792,56.12621878595315,53.79881185211814,35.65785150080354,66.10108923189364,0.004099112019763087,0.10573510609480052,1.3375056069725741,0.9198365931372778,0.0030411519207765593,0.11245412993503294,1.2564547241213448,0.9198365931372778,1000,25,pv,/gpfs/loomis/project/kklee/jd848/pv+hf/5k/4000g/r3-218/recal
83,126.65,4990,39740.24688047249,21548.99132088313,160,0.43,82.94225579579745,57.59196894474482,191.07223390938887,31.53804497987766,59.95774758135104,78.01183617691491,43.635753145192545,60.2450962991549,117.69248053684439,0.004441726917697607,0.12563503444385765,0.8863254358358483,1.4294083597721565,0.0046642156647394885,0.12783901771403794,1.1299289130479844,1.4294083597721565,942,23,pv,/gpfs/loomis/project/kklee/jd848/pv+hf/5k/4000g/r3-126/recal
84,347.53,4990,4166.882237909323,3155.2443780527997,160,0.43,20.992336197702425,25.220764853599665,87.51006686668912,10.939310567590983,26.083382153604603,52.24479363886481,14.266754833985313,25.144758510624516,59.643138511450886,0.0014230819026115967,0.07103445159034186,1.1506106717379225,0.5785253945598889,0.0021637310412529606,0.06879710754257966,1.2548861827169049,0.5785253945598889,1000,25,pv,/gpfs/loomis/project/kklee/jd848/pv+hf/5k/4000g/r1-347/recal
85,218.85,4990,12187.246326938359,8848.2936295269,160,0.43,70.92800322703772,34.90289024782468,185.70318173761083,16.48385947855116,36.09471118853722,56.49131191711148,29.9519924166857,34.279228532504604,76.54659702756192,0.00316725929345028,0.11994735518700901,1.1726019511845291,1.0210968464416592,0.0036602732444068337,0.1180508685233757,1.3947715997264734,1.0210968464416592,1000,25,pv,/gpfs/loomis/project/kklee/jd848/pv+hf/5k/4000g/r1-218/recal
86,126.65,4990,39420.69528987431,21510.714927844554,160,0.43,153.64782685800012,57.00239572865292,256.277026529289,23.0583777842507,60.110922977426505,89.02507986694579,36.43371582945924,58.874733284939886,126.32330353944822,0.006117044646301748,0.13681849179968256,1.1986501223835357,1.4244999114137915,0.0043757749024431174,0.12267766628701332,1.126048847788534,1.4244999114137915,1000,25,pv,/gpfs/loomis/project/kklee/jd848/pv+hf/5k/4000g/r1-126/recal
87,347.53,1044,4001.3284439959593,3042.6738277359004,160,0.09,26.70272860697276,10.786653116280709,147.7109319602246,10.937530817370599,12.211244818739136,25.663748948998425,10.978673913690827,10.885454241876026,29.574929975263974,0.005873776223801584,0.18969128864860632,3.9724777478846756,2.0660939632445467,0.0065689661240986175,0.18320468607220378,4.481588519796589,2.0660939632445467,1000,25,pv,/gpfs/loomis/project/kklee/jd848/pv+hf/1k-solid/r1-347/recal
88,218.85,1044,12205.059709662479,8814.312579742975,160,0.09,66.42033092049472,19.048758872200555,167.59348930965862,33.873562082783266,21.002249668309453,39.41841845568602,20.473791045225845,15.099174702320482,25.541993240840505,0.006120792796195351,0.12916349017542794,0.7159631284050034,1.5148775948943964,0.005486599831079321,0.14175550592141536,2.0692535226053814,1.5148775948943964,1000,25,pv,/gpfs/loomis/project/kklee/jd848/pv+hf/1k-solid/r1-218/recal
89,126.65,9980,39856.29535665217,21629.77739081339,160,0.86,71.07900746006518,85.49628942365686,185.07680398248294,29.52078884752026,86.32079304138432,159.90711854877586,39.615602121731186,86.66917557323373,148.975713227033,0.005314364993693095,0.09439261224858754,0.7823768424907815,1.1043344547043907,0.0044845936511883275,0.08719684604210547,0.8729621745352527,1.1043344547043907,2000,50,pv,/gpfs/loomis/project/kklee/jd848/pv+hf/10k/r3-0.5-10k/recal
90,218.85,9980,12282.57344723473,8875.280993053771,160,0.86,24.548088842244677,52.45323161213197,86.33888220068815,19.968144549827034,52.625169262455195,79.99649443579564,25.546831290535064,49.928232771473574,84.77548225350162,0.004735416866501198,0.07643694865287658,0.6608424600516158,0.48479680428843114,0.004582864633366898,0.07600777161996175,0.6622102659664721,0.48479680428843114,875,21,pv,/gpfs/loomis/project/kklee/jd848/pv+hf/10k/r3-0.6-10k/recal
91,347.53,9980,4127.9566181858945,3188.817893097275,160,0.86,16.05901012104309,35.36895982186174,76.14835740434155,17.903717800084195,35.179549024456975,71.4967697182521,16.7886507091519,34.489355250153814,76.25794298976746,0.0015335145200150722,0.0699191097510598,0.9208798624583662,0.40073766236153485,0.0028206055542426968,0.06757882491694885,0.86924473864164,0.40073766236153485,2000,50,pv,/gpfs/loomis/project/kklee/jd848/pv+hf/10k/r3-0.7-10k/recal
92,1000.0,9980,210.96331903657253,-710.142461146395,160,0.86,29.640023025834324,12.717832887423501,52.787574259288334,12.171932082135346,12.959967668177331,39.66460851679036,11.427754055692025,12.887540774194987,39.36543752072704,0.0020679384621591383,0.10396845908129915,2.1165212802823583,0.31925240051134685,0.0071007634007988225,0.0986195984639988,1.9926167712517084,0.31925240051134685,796,36,pv,/gpfs/loomis/project/kklee/jd848/pv+hf/10k/r3-1000/recal
93,4000.0,9980,0.32322803524073906,-852.7982645692105,160,0.86,29.198999833044073,6.447269608851899,62.334303350305355,9.8557021487432,6.020909647049536,21.559804547380853,12.426788864400182,6.695201633991207,27.443805420480025,0.011576612465878,0.14852512897347359,2.0411092830926125,0.08557656722247305,0.002778430017509901,0.1315298257071029,2.1365077011233105,0.08557656722247305,94,5,ppv,/gpfs/loomis/project/kklee/jd848/ppv/10k/r1-4000/recal
94,4000.0,9980,0.6681791212069448,-842.2724201868182,160,0.86,25.358648029127327,6.299687212559205,63.47591633704072,10.737838907690906,6.122184893211882,23.69492535531137,9.333890193724116,4.058000987996112,16.70450963947765,0.008218268805137185,0.15185566681800514,2.9343835765654775,0.09420267168334541,0.0013950540576281258,0.12853828348115853,2.351867339976739,0.09420267168334541,110,5,pv,/gpfs/loomis/project/kklee/jd848/pv+hf/10k/pv/r1-4000/recal
95,347.53,4990,4039.2413752256452,3079.4870171221755,160,0.43,14.867204939030916,25.07766194316409,49.41562775944588,6.98924451397733,25.317581433414663,46.33526759763079,12.659686044179484,24.44532986943476,43.71858431667698,0.005381820243736723,0.10432962074831927,1.1361850225092862,0.5968879386750366,0.00461788777649051,0.09921249641161618,1.2947165913840268,0.5968879386750366,1000,25,pv,/gpfs/loomis/project/kklee/jd848/pv+hf/5k/4000g/r3-347/recal
96,4000.0,9980,1.0808631490134777,-830.7698023084209,160,0.86,34.26291792454486,6.465380638755185,59.8302801236422,8.296454708864934,6.114058869170153,20.9310310079985,20.635716777028396,5.688177124067951,34.1480074230604,0.0014499544699724254,0.15363571440894905,2.354204109714191,0.12592423862072114,0.013420057995248777,0.14143592244154693,3.1438291380845276,0.12592423862072114,93,5,pv,/gpfs/loomis/project/kklee/jd848/pv+hf/10k/r3-4000/recal
97,1000.0,19960,271.82008388372094,-596.0305029034884,160,1.72,107.06612595905597,17.046773410629374,122.93553591999942,29.46920702910458,16.610375602687128,45.44968722065595,28.494626127086878,16.456901531232177,57.31890143768095,0.003653305335691877,0.09685173388318687,1.559885286942993,0.2891276669741707,0.005220235370092153,0.08525733913710083,1.8045929719646219,0.2891276669741707,214,11,pv,/gpfs/loomis/project/kklee/jd848/pv+hf/20k/melt/r3-1000/recal
98,519.0,19960,1578.4999611686703,1060.8972820642857,160,1.72,116.43975071442618,33.38470369483345,115.82695372869348,27.832682326273,33.53410116063479,77.31246970632809,46.1403133946537,33.09762325141108,79.1749134477812,0.002885168968153621,0.05527167286334562,0.7755411669757424,0.29001683880112583,0.003629835976573104,0.05344085076035215,0.9394640851932241,0.29001683880112583,419,21,pv,/gpfs/loomis/project/kklee/jd848/pv+hf/20k/melt/r3-519/recal
99,347.53,19960,4253.870029564592,3548.0921594644733,160,1.72,104.46984282714179,48.20476932705301,119.92985445256853,31.149409381958755,48.655711707398886,111.30214664814274,47.73584142039862,47.422658808868,104.94388211967365,0.0028296952789945034,0.06310196711112646,0.7859376648871176,0.4967429687400864,0.002661759290075653,0.060112763014538675,1.0774909687550112,0.4967429687400864,473,23,pv,/gpfs/loomis/project/kklee/jd848/pv+hf/20k/melt/r3-347/recal
100,218.85,19960,12395.256046666133,9135.162026547076,160,1.72,85.34738894404138,73.07973099313585,149.546448151842,36.686481757096566,73.07035629520998,119.02690153673643,66.63965318055156,72.48561845731659,131.43364591197235,0.0033193948485950578,0.05813108158397448,0.6387275160715385,0.33929020719888553,0.003965621216120577,0.060879811915863745,0.4634549080387885,0.33929020719888553,673,16,pv,/gpfs/loomis/project/kklee/jd848/pv+hf/20k/melt/r3-218/recal
101,126.65,19960,40227.252514621,21907.765363837323,160,1.72,73.06159694204803,119.35756189596216,222.00140508562566,33.0977509695632,118.26956688940392,156.05336570759872,25.900118676510644,112.71784042181177,161.21857261960355,0.006113744519863154,0.06720547666877237,1.0388190245172526,1.6777191131822402,0.005802429402048221,0.06906181899380562,1.3262153680561979,1.6777191131822402,737,18,pv,/gpfs/loomis/project/kklee/jd848/pv+hf/20k/melt/r3-126/recal
102,1000.0,14970,248.34377667894734,-602.2124086177895,160,1.29,60.982053261521756,15.27575066736472,78.30164620826197,14.030678443057015,15.373706703486528,43.974439118202,19.72933803506257,15.078615611970903,42.10788333577572,0.0012064944967057345,0.09394662221464099,1.3321795721758403,0.313777671648406,0.007427562904008913,0.0878080378977944,1.9584462010919264,0.313777671648406,475,23,pv,/gpfs/loomis/project/kklee/jd848/pv+hf/15k/melt/r3-1000/recal
103,519.0,14970,1496.8814010472208,883.8915253173992,160,1.29,68.3831904116593,29.269806562230833,88.30260030785337,28.390489225105767,29.56632948099279,71.87306857606205,23.218519768704677,27.982823653836434,69.81222063398194,0.0028161767367497767,0.061622320547283164,0.9362502337828905,0.3055060707936555,0.003988764448485874,0.05832440159516645,0.989639024084224,0.3055060707936555,681,34,pv,/gpfs/loomis/project/kklee/jd848/pv+hf/15k/melt/r3-519/recal
104,347.53,14970,4138.374083810632,3309.4350566558796,160,1.29,51.69782480894108,42.09863181720582,94.39509921523086,21.486392045972888,42.28952569660175,84.73469320477952,26.468005462410183,40.312008896210266,94.39352687968807,0.0013427959354971601,0.055503325326443524,0.7289686923499118,0.40962130699249705,0.0025020454771524196,0.05991812246885797,0.888514355851862,0.40962130699249705,909,22,pv,/gpfs/loomis/project/kklee/jd848/pv+hf/15k/melt/r3-347/recal
105,218.85,14970,12286.352151320592,8963.5202733207,160,1.29,40.50596012750769,63.67120871631838,123.00673175546008,32.040028066270196,63.608856207880585,109.4970579059747,30.00006635467358,62.60626233744334,110.48969393202921,0.0029176649227962734,0.062086881720239316,0.5462006711212771,0.461527566778842,0.0027481240521300245,0.06425148947499246,0.6304255515794228,0.461527566778842,1000,25,pv,/gpfs/loomis/project/kklee/jd848/pv+hf/15k/melt/r3-218/recal
106,126.65,14970,40178.63743075652,21778.617236404243,160,1.29,101.25333419286581,104.41342692092677,209.13966625393107,50.915025935109576,104.99695661356171,148.95611315541652,63.54996209624003,100.8423851385926,155.69020942441898,0.002680662990424981,0.07812290459973581,0.8417589991979201,1.1012535033940998,0.002439461128571676,0.07738512479932196,0.8705267221738675,1.1012535033940998,841,21,pv,/gpfs/loomis/project/kklee/jd848/pv+hf/15k/melt/r3-126/recal
107,519.0,14970,1501.9957840687848,906.2091669981338,160,1.29,69.94654581021085,29.401563996115208,92.69103886075061,26.581943850250806,29.181515759652008,75.75905666343236,20.800401794615233,28.720831763555495,81.93713164585958,0.0035119249592912723,0.058371365944326535,0.6416152071903466,0.2939213170288894,0.003827152608895238,0.05824518768399526,0.9521120303317411,0.2939213170288894,709,35,pv,/gpfs/loomis/project/kklee/jd848/pv+hf/15k/pv/r1-519/recal
108,347.53,14970,4153.581640987838,3335.6182909310105,160,1.29,63.54298610047516,42.83330321658548,122.7755420737502,23.61094894968745,42.69714953028886,85.7723571062994,29.110264481549873,42.27979969067427,79.58958963147184,0.002854424238898603,0.058767851753690925,0.6234781741181317,0.514722601292294,0.0034161498265793005,0.058169059273362814,1.1164907994837152,0.514722601292294,915,45,pv,/gpfs/loomis/project/kklee/jd848/pv+hf/15k/pv/r1-347/recal
109,218.85,14970,12289.626611997961,8996.472538402275,160,1.29,80.83809483525438,63.12583965244377,167.17644059889582,25.15194414825928,62.827427309884825,117.07257554791646,42.12810003458425,62.468922949107,128.33189484690755,0.002714554088598323,0.06413863035963062,0.510820843500977,0.5101810816009789,0.0026812823552992884,0.0665742547840698,0.6968840280082448,0.5101810816009789,999,49,pv,/gpfs/loomis/project/kklee/jd848/pv+hf/15k/pv/r1-218/recal
110,126.65,14970,39471.73474966624,21816.109094402804,160,1.29,145.8363527561876,99.229311836525,252.75843791139306,53.310963695269514,100.83996308476515,151.31920718947126,73.84055035847754,97.92539998190212,187.74718695682787,0.002680509983757355,0.08082431605732877,0.4748507544256928,1.1597752534738748,0.002242905468558978,0.08095251730284818,0.9167874124834205,1.1597752534738748,846,21,pv,/gpfs/loomis/project/kklee/jd848/pv+hf/15k/pv/r1-126/recal
111,519.0,24950,1641.9881612471497,1171.8077229724283,160,2.15,183.3524293319957,34.08530276311436,156.6060277272457,36.75528628779993,36.59394365545794,84.42306754151673,145.5217513445052,31.021361127049687,141.0962616610036,0.0014563628236231787,0.05238008236585003,0.4123379251558292,0.3586772615457827,0.0018331418736674398,0.05158786667277848,1.161878761214921,0.3586772615457827,175,10,pv,/gpfs/loomis/project/kklee/jd848/pv+hf/25k/r3-519/recal
112,347.53,24950,4347.230707560368,3718.5451154903158,160,2.15,189.61453118814077,52.42524737445423,158.99206451772508,69.95233317728136,52.03299886664256,123.64678616823338,94.55501686832821,46.68674695389613,133.21922825212346,0.0030209474639442914,0.052610765757613906,1.1297776617917978,0.5405380223063734,0.003586084169963483,0.05403666906297928,1.1724873303814343,0.5405380223063734,236,12,pv,/gpfs/loomis/project/kklee/jd848/pv+hf/25k/r3-347/recal
113,218.85,24950,12526.499847315928,9378.620204036733,160,2.15,160.09287664134777,79.30582025693893,154.3728088533259,27.123057841863265,79.4249280907877,136.0795842421025,95.32240431065411,77.21161194159801,128.96219957775392,0.002226811871389703,0.060955284729138526,0.8866615015847567,0.4833998508442258,0.0021904651521318275,0.062188351368962135,0.660302091441296,0.4833998508442258,252,12,pv,/gpfs/loomis/project/kklee/jd848/pv+hf/25k/r3-218/recal
114,126.65,24950,40000.79201245608,22113.11958127975,160,2.15,87.32423970580128,132.40939833047034,306.61493335700067,78.55605215209692,133.47472552430503,211.5109519138425,48.39655768110525,116.92245440053475,181.9606894217211,0.00243033492528113,0.0679639346527441,0.14867544986787426,0.6148713820921577,0.0021466509403594582,0.06425949968673617,0.48604791463682673,0.6148713820921577,304,7,pv,/gpfs/loomis/project/kklee/jd848/pv+hf/25k/r3-126/recal
115,126.65,30056,40158.07110249784,22265.293475367587,160,2.59,118.67582340560698,143.7964081692182,331.7977324191278,99.25903013451129,144.842634375159,205.52678086086073,100.05316295530461,134.67687731142757,169.74696090264095,0.0027224033625479647,0.0667108042649807,1.3676370353289524,1.3398491414221934,0.0038202145414178643,0.060552789432104986,1.0591335034984477,1.3398491414221934,206,5,pv,/gpfs/loomis/project/kklee/jd848/pv+hf/30k/melt/r3-126/recal
116,519.0,19960,1623.0290502485946,1051.5631460474854,160,1.72,47.526096502845746,33.47563091097364,87.71518905731318,26.549601354280504,33.56570570151782,80.23736111576845,28.669040851325878,33.16887321822913,82.99662982245366,0.0036903004942641917,0.05447141515155668,0.6271125156977498,0.18300112387362458,0.0033629985919703606,0.05479226532323164,0.5928034528614384,0.18300112387362458,844,42,pv,/gpfs/loomis/project/kklee/jd848/pv+hf/20k/pv/r1-519/recal
117,347.53,19960,4316.171053335938,3534.419784933236,160,1.72,46.82910707822335,48.386345165253836,112.43844196275492,34.56346978310052,48.35590724733844,104.81433498230896,43.55411144404735,48.08673058408663,108.44781073106375,0.003429811569043715,0.0575940229190969,0.41515762197618944,0.3401083938680007,0.0035464310247552483,0.054165117412276455,0.7377330850198501,0.3401083938680007,941,47,pv,/gpfs/loomis/project/kklee/jd848/pv+hf/20k/pv/r1-347/recal
118,218.85,19960,12514.744371783707,9104.24923017095,160,1.72,34.03849658544312,73.37114584513418,145.2580366151755,32.04684433864399,73.31702661123859,130.19302168186076,34.124738964882965,72.95215275719109,148.36123559330707,0.003352008889600524,0.057937761370647996,0.5270283254169097,0.40103059822694775,0.0033803220887282013,0.05653479229975686,0.547789458930841,0.40103059822694775,1000,50,pv,/gpfs/loomis/project/kklee/jd848/pv+hf/20k/pv/r1-218/recal
119,126.65,19960,39873.09841980086,21899.287165527625,160,1.72,107.56552948393585,117.64037729673717,237.90245538703203,40.991452460410414,117.36045337628245,170.3574055454495,44.286034525611555,113.77477958373487,159.18824933433427,0.0060645298025060685,0.06825022178548652,1.1457609796493662,1.3230653941917678,0.005604626094008136,0.06879965219301477,1.0458661673063119,1.3230653941917678,1000,50,pv,/gpfs/loomis/project/kklee/jd848/pv+hf/20k/pv/r1-126/recal
120,519.0,24950,1685.8437934070748,1150.413435546732,160,2.15,88.55984186980115,37.03643076580532,107.79467416512242,39.661588173048,36.92934242862125,101.91111262492714,43.61992313742497,35.24206991756566,98.2334465276129,0.0015677854998858531,0.051210062560657556,0.6840341580778957,0.17965190023624547,0.001420137583334423,0.050306345902467096,0.5819541679247264,0.17965190023624547,382,20,pv,/gpfs/loomis/project/kklee/jd848/pv+hf/25k/pv/r1-519/recal
121,347.53,24950,4413.67959536009,3716.721635633782,160,2.15,80.86973038420665,53.43258485933589,119.37781182192647,38.25422812945452,53.3871557780484,111.06595588672317,47.90720812048276,51.514420656840876,122.59688923493295,0.0021331684524823844,0.05258660051877723,0.7780118335620938,0.3245163091160655,0.0025823854016232247,0.053175602056202004,0.703912112079087,0.3245163091160655,482,24,pv,/gpfs/loomis/project/kklee/jd848/pv+hf/25k/pv/r1-347/recal
122,218.85,24950,12616.726367755346,9369.30143231099,160,2.15,61.845112867421804,80.06778761016714,153.5379536227311,37.79138355379315,79.29158908781734,143.3874474458285,35.361330930222685,76.06335854979926,154.78536295874108,0.0015761308833968876,0.06103879197101011,0.9132989481213409,0.49271382204407793,0.0011341542416610259,0.056235610179883724,0.6730245501928775,0.49271382204407793,505,25,pv,/gpfs/loomis/project/kklee/jd848/pv+hf/25k/pv/r1-218/recal
123,126.65,24950,40149.12248845725,22105.99410069815,160,2.15,103.6623861988461,130.960498725745,261.6979979505593,41.630880967628315,129.90286012438057,198.60061680698502,83.70781744743543,129.66602344621316,206.0935675941104,0.0025016835368479014,0.0672121820247791,0.6733127564659928,0.9824260189854497,0.002446693244732485,0.06410910400186652,0.77659512496431,0.9824260189854497,662,33,pv,/gpfs/loomis/project/kklee/jd848/pv+hf/25k/pv/r1-126/recal
124,519.0,14970,1523.067846487964,772.2994690618751,160,1.29,35.58979580558869,30.74343416179933,68.87165335754277,25.565755127450547,30.75087444688024,64.10841666038381,26.195347520844127,31.025152115030867,68.18397981982942,0.0023740427451434615,0.04083920510990999,0.4940550413588319,0.15664558314179458,0.002496858719842418,0.041984773713057026,0.5074288102518753,0.15664558314179458,1000,50,ppv,/gpfs/loomis/project/kklee/jd848/ppv/15k/r1-519/recal
125,519.0,19960,1595.2010944840658,1050.8194050891964,160,1.72,67.18599780186612,33.09760409503098,85.59613897317624,27.031977093587646,33.30378245562204,73.15912602506437,32.41724631544782,32.905087510161486,74.25136446110196,0.004708915411130487,0.05720837690506761,0.7497887897286846,0.23132462470603088,0.0027573026606342523,0.058094223171958705,0.7493398584388458,0.23132462470603088,840,42,ppv,/gpfs/loomis/project/kklee/jd848/ppv/20k/r1-519/recal
126,519.0,24950,1660.7816483651188,1160.1547863140152,160,2.15,118.10857429702195,36.682587237276216,109.09480135308836,23.091280819936326,37.118282584216466,91.44047452534915,46.60140760213637,34.0165784346005,85.77003165148824,0.003010133335254631,0.05775322479009631,0.9075745141484138,0.23075558796290993,0.002151641959772586,0.050048412446395824,0.7474965531137918,0.23075558796290993,328,19,ppv,/gpfs/loomis/project/kklee/jd848/ppv/25k/r1-519/recal
127,6108.19,19960,15.620428621427536,-1044.1606525015557,160,1.72,11.415756345155753,7.113179372661825,26.103254515852427,8.150845085268458,6.129933332162647,20.608810467423638,5.60571904311136,5.964420360627305,19.34014086328918,0.005706792443056538,0.18007088722724116,1.712561927748665,0.038870438434850794,0.0023939160267265583,0.10131209254953262,1.481909174438075,0.038870438434850794,337,14,pv,/gpfs/loomis/project/kklee/jd848/pv+hf/20k/melt/r3-6108/recal
128,5500.0,14970,1.907946599912474,-878.4495404280001,160,1.29,5.125354078155123,5.712418376074201,19.99528266476467,5.108992210553573,4.449241650462838,16.93727932063397,0.06693383500004302,4.829185815620289,14.78666903285763,0.01062442184828658,0.16263104895064429,3.066674656190325,0.11823767003495449,0.007491546172160213,0.16316802580206033,4.05889823100488,0.11823767003495449,73,2,pv,/gpfs/loomis/project/kklee/jd848/pv+hf/15k/melt/r3-5500/cont1/recal
129,8000.0,24950,4.9154348634538145,-1267.9267667087952,160,2.15,9.053622413918763,5.8412763460454,21.573524593725356,1.7743125827066826,4.146149371539545,12.95426258703616,18.233826701130102,22.587732360358853,57.7509716785038,0.009729682628915626,0.2461224254483358,2.101777528039704,0.03874475556433815,0.006857644575458713,0.12694247621861862,1.9346059634794617,0.03874475556433815,207,7,pv,/gpfs/loomis/project/kklee/jd848/pv+hf/25k/r3-8000/cont2/recal
130,1000.0,24950,291.6922593953488,-634.1376719032559,160,2.15,141.845588803336,17.310844169718,159.64330890591935,41.59930112347563,17.98206217202303,63.93880564797617,123.75603322006857,21.38235265092452,137.54396418265688,0.004099776481241912,0.08617826463135328,4.527748640130894,0.6183533372501047,0.012622460768162582,0.08783781214293937,3.859457997466896,0.6183533372501047,107,7,pv,/gpfs/loomis/project/kklee/jd848/pv+hf/25k/r3-1000/recal
131,9500.0,30056,9.958991405698,-1570.1263722330436,160,2.59,16.570802144158645,5.552421660257139,26.561606489622545,9.253117936963088,4.531674262964611,17.698952394154674,245.61092095500004,40.04623062891025,253.3765440267562,0.03836271670504212,0.5794821597051065,8.91410047891452,0.030100970381576594,0.007276003214475324,0.1133249499788706,1.7848170726782437,0.030100970381576594,56,2,pv,/gpfs/loomis/project/kklee/jd848/pv+hf/30k/melt/r3-9500/cont1/recal
132,1000.0,30056,393.24680455238104,-510.75628223257155,160,2.59,172.99374763381024,21.61167510338321,60.46929974448819,237.22616900737287,21.97570845206401,55.345425393443044,40.82007619578694,18.471108990825893,54.60255060173911,0.0011261393216146932,0.08711630497233215,1.3954988738313308,0.2614086844870804,0.003971061257438428,0.0811640162561056,1.6315846898112496,0.2614086844870804,87,8,pv,/gpfs/loomis/project/kklee/jd848/pv+hf/30k/melt/r3-1000/cont1/recal
133,519.0,30056,1765.4528993226545,1185.463622659535,160,2.59,48.66376798771069,39.97279595879999,96.5992778019951,38.269122157589905,39.70256865757092,86.00154064941592,36.80089063123564,37.85205114219459,102.93288478945928,0.0032049610845347855,0.05154218083639139,0.5990362134161376,0.18492953006607638,0.0030492577994530906,0.047749901484238154,0.5990502224178607,0.18492953006607638,215,13,pv,/gpfs/loomis/project/kklee/jd848/pv+hf/30k/melt/r3-519/cont1/recal
134,347.53,30056,4577.693129220613,3832.574884486025,160,2.59,48.82264569772198,57.220575270011935,120.22544272858815,51.514771767188094,57.46306423443855,114.09232977760391,48.476620142736586,53.7366280127442,100.84843601773254,0.0016001823607353833,0.05778380500712763,1.2978352080568825,0.3808672697527656,0.002090155765163312,0.053044055140066666,0.8261436382156614,0.3808672697527656,195,12,pv,/gpfs/loomis/project/kklee/jd848/pv+hf/30k/melt/r3-347/cont1/recal
135,519.0,30056,1742.1076893115128,1203.866634658303,160,2.59,83.01613906375783,40.10292946897604,110.70771857548642,41.18983249074757,40.376511732434544,94.88741355134414,47.482974206498284,39.42892274116853,100.035027044178,0.004391752037632831,0.046983857585022236,0.8508482350681505,0.20279612322949472,0.0026685687421419907,0.049247341773257236,0.6569262501381007,0.20279612322949472,957,47,pv,/gpfs/loomis/project/kklee/jd848/pv+hf/30k/pv/r1-519/recal
136,347.53,30056,4501.288136066565,3829.39791685705,160,2.59,87.54324797815941,57.17777077596213,130.9005651352906,46.19168827804302,56.59985862306069,128.2653222022544,48.55313612976973,55.630744381535756,126.06427519716414,0.0034514502264104143,0.050897324855103794,0.9115497844907287,0.30936454850794337,0.002887882958461041,0.05025293685365986,0.6710462513757183,0.30936454850794337,1000,50,pv,/gpfs/loomis/project/kklee/jd848/pv+hf/30k/pv/r1-347/recal
137,218.85,30056,12779.268566058356,9589.527143653377,160,2.59,107.50698349697703,86.89778832280668,162.10212954808077,50.15414419977301,87.24363782533501,169.45075757328348,54.862782703641116,84.2694766716686,157.92689124013125,0.003734279977256922,0.0637126913119593,0.8335979385714106,0.5438759165694784,0.0037257274287204865,0.05967726937150224,0.7429096317845256,0.5438759165694784,377,20,pv,/gpfs/loomis/project/kklee/jd848/pv+hf/30k/pv/r1-218/recal
138,126.65,30056,40100.15546323151,22276.509580823866,160,2.59,84.68008998580613,142.254694188627,280.83924676828116,42.6782063288236,140.26801723645957,198.46826334450924,91.46909403021289,138.82392091247016,230.31801401339322,0.0031852437091999626,0.0662740278689451,0.9693896523707127,1.2731952207875747,0.0035516911493337633,0.06417998956633988,1.0064444370198762,1.2731952207875747,418,18,pv,/gpfs/loomis/project/kklee/jd848/pv+hf/30k/pv/r1-126/recal
139,519.0,30056,1698.8655029482013,1169.6980532679165,160,2.59,219.44952105072696,34.64449554769853,155.80081671540214,51.01561209260411,37.309571903735474,91.80117339367723,42.92252253368004,34.75174052224601,101.85975631103699,0.0018954339424453418,0.052021502500696815,1.0363536834145344,0.35469464440471593,0.002127873685701639,0.04902802370937156,1.1489776973161008,0.35469464440471593,60,10,ppv,/gpfs/loomis/project/kklee/jd848/ppv/30k/r1-519/recal
