,vol,T,P(GPa),E(eV),N,sigma(eV),Est_all,Fst_all,Vst_all,Est_eq,Fst_eq,Vst_eq,Est_tr,Fst_tr,Vst_tr,Eaerr_test,Ferr_test,Verr_test,Verr_test(GPa),Eaerr_tr,Ferr_tr,Verr_tr,Verr_tr(GPa),Ndata,Ntrain,phase,path
0,2100.0,1044,5.1115924494631075,-1145.3102044247346,160,0.09,16.354594622193396,3.0441222675174204,18.25141876219872,2.964145368608613,3.16544072128623,10.961916184606027,4.899964381858283,3.075910383166118,10.806093673014285,0.054746837897339515,0.4119287341131726,5.2351142505658785,0.4799262864806166,0.041050710794813136,0.44125521974198384,6.290475023322066,0.4799262864806166,894,44,pv,/gpfs/loomis/project/kklee/jd848/pv+hf/1k/r1-2100/recal/
1,939.1,1044,114.28369065292547,-921.75185041245,160,0.09,18.020580036198403,4.7295235862668985,45.26068618723926,9.9013705746388,4.792503246635262,38.0548267205331,10.050049117452405,4.377812794543009,37.49351665561829,0.02124610193480726,0.6947872189436212,7.862321519930281,1.5396695677720447,0.02228540212630868,0.7315347871463188,9.024621083116028,1.5396695677720447,1000,50,pv,/gpfs/loomis/project/kklee/jd848/pv+hf/1k/r1-939/recal/
2,2100.0,1044,0.5162318930591883,-1141.794064095175,160,0.09,20.302584168201175,2.8257126095338654,31.702734967463787,3.7326643516517963,2.919547607627459,12.149569264611985,3.882061806762123,2.9170000481377,12.65130964155024,0.044207292185697605,0.3999711627874737,5.6777208053400114,0.4502656401208011,0.018705709942314328,0.4232971442136025,5.901707913959859,0.4502656401208011,1000,50,pv,/gpfs/loomis/project/kklee/jd848/pv+hf/1k-solid/r1-2100/recal/
3,939.1,1044,96.81214226169823,-1012.0980574834501,160,0.09,6.026288149778381,4.368379486939206,35.56211081593687,5.907698789971679,4.407986655716397,33.15796653888142,6.3815869355855215,4.4657811634630695,33.457076892778176,0.006168775402523996,0.23444899724840715,3.9555228891052465,0.8147421800539287,0.003082515713661748,0.2272153037736742,4.775530808248856,0.8147421800539287,1000,25,pv,/gpfs/loomis/project/kklee/jd848/pv+hf/1k-solid/r1-939/recal/
4,518.76,1044,1442.611226918179,457.39972427102504,160,0.09,17.73736507891026,8.109182050567059,123.16242576564763,16.492217173498368,8.259381516125517,76.83484062346577,16.55217639263902,7.520476912920853,84.36350166275653,0.016061223388238115,0.30616956202539153,5.245511355199439,1.885402735056327,0.015253845823857798,0.28442545313904,6.10464233555879,1.885402735056327,1000,25,pv,/gpfs/loomis/project/kklee/jd848/pv+hf/1k-solid/r1-518/recal/
5,2400.0,3017,2.4887338989452843,-1072.7124468605193,160,0.26,4.949513435234956,5.293090295512439,13.982174648689847,4.200830358552729,5.297644205959897,13.257244156234751,4.6408840038007995,5.017740380624912,16.910981035349614,0.00577619893021201,0.5569154774788745,6.824680622974842,0.4259156843468726,0.0024791710650012002,0.587337287994832,6.380055913698764,0.4259156843468726,192,9,pv,/gpfs/loomis/project/kklee/jd848/pv+hf/3k/solid0/r3/cont1/recal/
6,1273.0,3017,15.815984143626084,-1112.2429808273437,160,0.26,7.094164588948429,5.437980490384499,17.62715019069052,3.9728301613068364,5.460358575081179,15.353374440055973,3.6652764538380587,5.411631101659277,15.687174080351543,0.006045032438778691,0.3223575231006557,3.9712416022256,0.5043128451521682,0.005732661116411229,0.32711710488979323,4.0069880158290605,0.5043128451521682,4000,100,pv,/gpfs/loomis/project/kklee/jd848/pv+hf/3k/solid1/r1-k111/recal/
7,1273.0,3017,37.28315870246542,-1059.442863665585,160,0.26,18.31708010445711,5.897630151137425,32.694126588770644,5.3337273112456565,5.915310631494039,29.586466181206706,5.188586450743103,5.933803616503682,29.50772959575966,0.011767045040083487,0.48268139160720824,6.03973209911769,0.74525114919918,0.012423042867116683,0.476796159829207,5.921349123524522,0.74525114919918,5000,250,pv,/gpfs/loomis/project/kklee/jd848/pv+hf/3k/solid1/r3-3k/recal/
8,1195.07,3017,25.399528769810072,-1103.5472277943688,160,0.26,7.341197093616467,5.825566652892488,17.663273530508107,3.9027614283246015,5.844098315982107,15.610953909304154,4.099108148933255,5.820699007779654,16.277323151773338,0.0036864813236296215,0.30839925912880745,3.704595379998199,0.4909699844601247,0.0033855212985419297,0.3036162159112932,3.6621649056131402,0.4909699844601247,4000,100,pv,/gpfs/loomis/project/kklee/jd848/pv+hf/3k/solid2/r1-k111/recal/
9,1195.07,3017,33.30308142474511,-1046.598630079486,160,0.26,4.311472915155993,6.149660538773672,30.17641314156132,4.149120172771598,6.16405306303325,28.82158504405744,4.361609880312205,6.1070661215228315,28.194272612024395,0.007745586248584848,0.43503835333573987,5.760125687681987,0.7035287271045846,0.007172850531539409,0.43553366813766853,5.2476491354683725,0.7035287271045846,8000,200,pv,/gpfs/loomis/project/kklee/jd848/pv+hf/3k/solid2/r4-3k-re/recal/
10,1078.16,3017,48.54989756791821,-1068.7337568920154,160,0.26,4.189751310440448,6.584300569192246,18.92713486025604,3.947916645711793,6.582406245525399,18.348855176173014,3.8216814182836925,6.488381968014639,17.81384404958257,0.0045250765821075855,0.28193577570788314,3.7343268178228954,0.5446501460786395,0.004745612685934637,0.2834691457228728,3.6651389982393754,0.5446501460786395,4000,100,pv,/gpfs/loomis/project/kklee/jd848/pv+hf/3k/solid3/r1/cont2/recal/
11,1078.16,3017,49.61111352523964,-1068.209450009775,160,0.26,14.613294422032734,6.525617358916948,27.14746260575836,6.817853641350278,6.580671149441176,23.224431842078737,23.37372170664879,5.818641740414865,30.791659219380467,0.003010806214003293,0.23073832594116972,2.5335143640938855,0.44501030143134174,0.0051571977583937875,0.2664735735930847,2.9946280601176496,0.44501030143134174,1000,15,pv,/gpfs/loomis/project/kklee/jd848/pv+hf/3k/solid3/r1/recal/
12,1078.16,3017,57.20830458045888,-996.2701689036453,160,0.26,4.667142413497923,6.764588085759682,35.82919856838715,4.229572044023271,6.758396056027782,34.1755007175317,4.096105976367632,6.749742719528516,33.31926022348004,0.006578108818269733,0.46343021450129934,6.050427456850019,0.9439433650941765,0.006212981204862071,0.45745235944318735,6.35212101648174,0.9439433650941765,8000,200,pv,/gpfs/loomis/project/kklee/jd848/pv+hf/3k/solid3/r3/recal/
13,1013.21,3017,70.78969279538241,-1033.17494377412,160,0.26,4.1219141235020675,7.127654934290565,20.74741149605924,4.169580243327899,7.103632247658712,20.764852782346154,4.400334236437352,6.993133777712787,21.01353217390801,0.004470597752555159,0.27656311813800405,3.8598514423851964,0.5923277864446739,0.0048150351829845,0.2765661446049589,3.7458569093583423,0.5923277864446739,5000,125,pv,/gpfs/loomis/project/kklee/jd848/pv+hf/3k/solid4/r1/cont1/recal/
14,1013.21,3017,70.60908700893138,-1032.75878042395,160,0.26,14.877686577689209,6.9199360219465715,26.02143779111571,7.2972380875814515,6.967184458211172,20.652138314935605,23.924288082003688,5.823126856938224,34.28690207752806,0.004595412532599379,0.2501603546101033,4.00507768621698,0.798343339060451,0.004681678637007369,0.3289155490658349,5.048690912525888,0.798343339060451,1000,15,pv,/gpfs/loomis/project/kklee/jd848/pv+hf/3k/solid4/r1/recal/
15,1013.21,3017,76.72713317770413,-958.3526346010485,160,0.26,5.9371863749612555,7.1289013411128845,42.349466986125336,4.844395409995625,7.136549315513906,37.335835996867,5.000768006259169,7.095344589773921,38.792258516836846,0.006628526313701697,0.4772667333819717,6.717165882215938,1.0283444840514917,0.005927159989106916,0.47207164862616335,6.503208829533134,1.0283444840514917,8000,200,pv,/gpfs/loomis/project/kklee/jd848/pv+hf/3k/solid4/r3/cont1/recal/
16,518.76,3017,1414.1902031197415,530.8505268760833,160,0.26,5.376451437638785,13.321189600428177,121.68848686539134,4.334332487481127,13.342498693735804,114.62282971771465,6.549402083676847,13.295250572254679,117.36798942107036,0.013588279286465072,0.9098337928429379,7.910756995633648,2.6695327066131855,0.012982744640048912,0.9148401452001738,8.643533858278206,2.6695327066131855,6000,150,pv,/gpfs/loomis/project/kklee/jd848/pv+hf/3k/300g/r3-0.8/recal/
17,738.63,3017,329.19633468295734,-550.6152845059646,160,0.26,4.878771875773248,9.447598070936587,51.84599804221999,4.212599424451146,9.45872273507875,51.53724539323962,4.662040691559038,9.392740692550085,50.25923787764322,0.007978965794471354,0.6084925849254622,6.304449347584861,1.3762681316669614,0.0087638836958259,0.6059154942476189,6.3448243901198715,1.3762681316669614,6000,150,pv,/gpfs/loomis/project/kklee/jd848/pv+hf/3k/300g/r3-0.9/recal/
18,868.7,3017,159.87716868784466,-801.647669387825,160,0.26,4.582263459355263,8.065281519962463,42.37087947446583,4.166388419759914,8.072337264861774,42.12734242971336,3.8723530322092636,8.019595852339569,42.91665698197939,0.009177471740824797,0.5661074999992878,9.967357303602405,1.7719112449626881,0.00878151386196881,0.5659727483748298,9.607300958682716,1.7719112449626881,6000,150,pv,/gpfs/loomis/project/kklee/jd848/pv+hf/3k/300g/r3-0.95/recal/
19,939.1,3017,115.82680808714781,-893.198707905473,160,0.26,4.970171848939024,7.561415181104999,43.505250071636816,4.073245658843902,7.585007516252399,41.63363540399693,4.442921486314193,7.547836935591214,41.41950725782005,0.006461675154944317,0.5132224324832495,7.880113512125705,1.343566640143483,0.007118936083947823,0.5102122714007095,7.875183143845466,1.343566640143483,6000,150,pv,/gpfs/loomis/project/kklee/jd848/pv+hf/3k/300g/r3-0.975/recal/
20,1013.21,3017,70.60843630855878,-1032.7578093532625,160,0.26,14.878101980554696,6.919684451952792,26.001894767507704,7.2985879137449965,6.966864809184793,20.6218589760715,8.030663836040027,6.932904603525319,20.43282800526717,0.0032669740017944237,0.2555491040077082,3.0279801970756157,0.7051391262280778,0.00474637913300796,0.2991671947448404,4.459271248938891,0.7051391262280778,1000,25,pv,/gpfs/loomis/project/kklee/jd848/pv+hf/3k/300g/r1-1013/recal/
21,738.63,3017,334.5684670579625,-624.344359090101,160,0.26,16.88103048709677,9.111969453897826,128.942455357495,17.06253310841743,9.353041120141782,125.01927294002832,17.359587457542048,6.808564701685495,193.30996978409172,0.007906658060774419,0.3793876184776316,13.78154826656908,3.0948687712787324,0.023552010460211624,0.29745608287308767,14.267858429916307,3.0948687712787324,123,3,pv,/gpfs/loomis/project/kklee/jd848/pv+hf/3k/300g/r1-738/recal/
22,518.76,3017,1456.3422753441548,485.12502283284994,160,0.26,12.403659965263788,13.548397047563336,138.79159782403826,8.635511918332007,13.773985625096508,88.4564185065264,8.365336023104268,13.145428029393196,104.13136709007703,0.008483924075448079,0.4384021137061308,7.432142878015684,1.5400525134992689,0.01323931352084529,0.4540131595224673,4.986451752765963,1.5400525134992689,1000,25,pv,/gpfs/loomis/project/kklee/jd848/pv+hf/3k/300g/r1-518/recal/
23,1488.78,3946,14.1189145961913,-1054.9803857134916,160,0.34,6.443795536007407,6.229552468966257,26.992834298123018,6.393069766684446,6.226034845511581,26.871287051871068,6.363059763301534,6.194106185587787,26.81995086437841,0.01254539059188806,0.5415919815429228,7.137143432132851,0.7232615251458528,0.014826167511615673,0.5358611530376931,6.720715303341435,0.7232615251458528,6000,217,pv,/gpfs/loomis/project/kklee/jd848/pv+hf/4k/25g/r3-4k/cont1/recal/
24,1078.16,3946,61.724993827234655,-975.8447512411708,160,0.34,6.935022055917417,7.739232649791236,39.493480661916934,6.118561977463226,7.751718544036507,38.11182262230533,6.078132406893352,7.7694428577213595,39.263655223222244,0.008174291053523203,0.48650138543042676,6.757643553860391,0.9874921778579464,0.007601518480362888,0.48959908070455305,6.645176022776499,0.9874921778579464,6000,300,pv,/gpfs/loomis/project/kklee/jd848/pv+hf/4k/100g/r3/recal/
25,1013.21,3946,82.69365186409479,-931.4076809677272,160,0.34,7.7234569107210715,8.198281525085207,46.8825639012243,6.505116140952943,8.223020941894642,45.451264738364216,6.840935844525849,8.213031316138718,44.81388145919395,0.0087796773340825,0.518193013136628,7.297341696084371,1.1121990629514704,0.00990179583633441,0.5143894284915707,7.0335017871524,1.1121990629514704,6000,300,pv,/gpfs/loomis/project/kklee/jd848/pv+hf/4k/140g/r3-4k/cont1/recal/
26,1195.07,3946,37.537533059510935,-1017.9263399370782,160,0.34,6.570840463900331,7.120140115445706,36.82611846316415,6.42400362342132,7.1199829808947195,35.55868865372939,6.378231309321608,7.108522586430355,35.801795825576455,0.0069765992621534535,0.50549795295416,6.560845626935981,0.8307528842749252,0.007803755496767123,0.4883202206928898,6.19661925234376,0.8307528842749252,5741,287,pv,/gpfs/loomis/project/kklee/jd848/pv+hf/4k/60g/r3/recal/
27,1488.78,3946,14.50284953941144,-1051.6377559103666,160,0.34,8.124662564019651,6.212416885949595,26.42865638527518,8.039472388408186,6.227171072298608,26.0320077743106,8.604104710959696,6.211993784764431,26.1624140532549,0.011406269924222664,0.5481988435340936,6.777990517764127,0.7056966692549169,0.012281728473236076,0.5637446758265019,6.557498552991838,0.7056966692549169,3000,150,pv,/gpfs/loomis/project/kklee/jd848/pv+hf/4k/25g/r1-0.99/cont1/recal/
28,1195.07,3946,30.25115640166564,-1081.5881546104051,160,0.34,5.463775750468118,6.882413599408843,20.27665770817126,5.457684537682867,6.891598867184517,20.553684129401237,5.965421317940275,6.868752501228752,21.35813357084096,0.005188580948006715,0.3503670739583963,4.2483960623902215,0.537920252347292,0.005048065393044995,0.3475476479940437,4.012368846399024,0.537920252347292,5000,125,pv,/gpfs/loomis/project/kklee/jd848/pv+hf/4k/60g/r1/cont1/recal/
29,1195.07,3946,29.540894663064257,-1082.0156639316501,160,0.34,22.965848186694963,6.709007338512377,35.82051027210057,8.329956858911629,6.723368601034345,22.285398573165008,14.699442321374718,5.941603436935837,24.775744955609817,0.012552977326623572,0.348802821068991,4.56907928597294,0.8039266142922932,0.014095751604412695,0.3347178365947586,5.996521023147679,0.8039266142922932,500,15,pv,/gpfs/loomis/project/kklee/jd848/pv+hf/4k/60g/r1/recal/
30,1078.16,3946,54.49838436567691,-1047.0922764797624,160,0.34,5.138861750287628,7.702938550305129,23.163604275260194,5.300436220245614,7.684375126770764,23.20281475911483,5.010982519027313,7.655141286585487,21.659357804849247,0.005670119746003798,0.3299578329571683,4.225655919654088,0.6321527753858488,0.005757573902594023,0.3303700657550595,4.253974421182659,0.6321527753858488,5000,125,pv,/gpfs/loomis/project/kklee/jd848/pv+hf/4k/100g/r1/cont1/recal/
31,1078.16,3946,54.261423281214604,-1046.7014057043,160,0.34,17.863598719367513,7.651682137249219,31.293825380519777,5.22373882328051,7.7096099896326065,23.47270286038399,24.237558303094993,6.973841536140726,35.56505795713061,0.00221271577586784,0.27760574856631903,3.0040396407558507,0.6635296678039584,0.00870966139552593,0.32600396445342045,4.465120370326626,0.6635296678039584,1000,15,pv,/gpfs/loomis/project/kklee/jd848/pv+hf/4k/100g/r1/recal/
32,1013.21,3946,77.17981432471576,-1008.087415703505,160,0.34,6.234481932423245,8.290194649460586,30.252943046413694,5.594756126330526,8.262302952298304,28.436095813000506,6.772569418613875,8.253276294022827,31.278349597080577,0.004581338008841283,0.34328077847494287,4.857357745625707,0.6913590467744029,0.004258288826559649,0.33819968030314324,4.3721265850984805,0.6913590467744029,5000,125,pv,/gpfs/loomis/project/kklee/jd848/pv+hf/4k/140g/r1-0.78/re2/recal/
33,738.63,3946,333.7629359016631,-528.6970457204292,160,0.34,5.4256693547947235,10.978936079760551,61.31811889357334,5.557588984983857,10.982610811135915,62.091414420350375,5.607552361670626,10.875457041084525,62.25745048361559,0.010159793664506513,0.6420553749380294,7.498769556112552,1.53010235303325,0.008412244198136316,0.6443882585706111,7.054025669508443,1.53010235303325,6000,150,pv,/gpfs/loomis/project/kklee/jd848/pv+hf/4k/300g/r3-0.9/recal/
34,939.1,3946,116.90260833757583,-867.2133320804209,160,0.34,6.102102334284577,8.779053755169786,57.87312741092025,5.644815634553586,8.791411851223705,55.04370944591472,5.130682696734171,8.756647970950413,55.229836435675296,0.008700409919355844,0.5495436826736103,8.457493226612806,1.4201992543105422,0.009246340670713945,0.5537633544199487,8.324357642025019,1.4201992543105422,6000,300,pv,/gpfs/loomis/project/kklee/jd848/pv+hf/4k/300g/r3-0.975/recal/
35,868.7,3946,162.72862361468358,-778.1742359031167,160,0.34,6.338503474882591,9.358101102874196,55.05538865975537,6.226136089308495,9.346834854142228,54.566054772883184,6.28502978324489,9.340521200476195,56.01962931644057,0.008763190615458206,0.6210478120208899,9.886024976215289,1.8111646552578973,0.009109809080754686,0.6181362709589077,9.820132909172804,1.8111646552578973,6000,150,pv,/gpfs/loomis/project/kklee/jd848/pv+hf/4k/300g/r3-0.95/recal/
36,518.76,3946,1408.5160952982114,552.1579915729917,160,0.34,6.641629999977988,15.413196687041832,139.5890294756071,5.726828102678229,15.445124604605148,146.29317121080294,5.417628421283996,15.384683603978148,145.47680494451095,0.01577309492684319,0.9964467322686489,10.056181502611123,3.225873383542364,0.017174078836074563,0.9708008187614672,10.444878889886974,3.225873383542364,6000,150,pv,/gpfs/loomis/project/kklee/jd848/pv+hf/4k/300g/r3-0.8/recal/
37,1013.21,3946,75.54492685630504,-1010.9193142227625,160,0.34,18.99140094759261,8.055068615608354,33.17738090318378,8.110800757038982,8.09763444260233,26.12926960780851,7.49230962567319,7.7165925351718565,29.613953008983138,0.0060158467720840495,0.3121598778074213,4.177150227549916,0.6643478112415359,0.005494602625342326,0.3350696318783285,4.201308626585326,0.6643478112415359,1000,25,pv,/gpfs/loomis/project/kklee/jd848/pv+hf/4k/300g/r1-1013/recal/
38,738.63,3946,344.53601468745046,-604.428024412225,160,0.34,16.01260245465882,11.425738688398416,70.59294378428946,12.173581012184144,11.52559303537402,53.95266299638458,16.919662181500087,11.110474525712688,63.352477613659296,0.0031057691912058077,0.4292625887268133,8.52657364144274,1.3986272311892136,0.006462797044132154,0.41337923948998223,6.447903547971237,1.3986272311892136,1000,25,pv,/gpfs/loomis/project/kklee/jd848/pv+hf/4k/300g/r1-738/recal/
39,518.76,3946,1467.3961459519705,506.13050840578757,160,0.34,10.404369375261394,15.991063845651597,146.1899894165984,7.273987613402362,16.246429115093317,98.72397077594718,8.162888236804715,15.8993520025021,120.71548519679173,0.009240012250856838,0.4967799799865762,5.599679125572386,2.2856525874729083,0.011137471621376618,0.521211175516061,7.400589428682331,2.2856525874729083,1000,25,pv,/gpfs/loomis/project/kklee/jd848/pv+hf/4k/300g/r1-518/recal/
40,2900.0,4990,3.348128907156957,-979.8499250338663,160,0.43,25.443105167592726,5.98634556498056,16.21751793509334,22.43758422394116,6.017963608925899,13.892047883561945,9.500552905682287,5.968192842212109,13.543680379647075,0.044343904328318515,0.7188546227508468,6.741478695260575,0.4978481054255589,0.02630190243425316,0.6647089455553578,9.011238130620217,0.4978481054255589,766,38,pv,/gpfs/loomis/project/kklee/jd848/pv+hf/5k/0g/r3/recal/
41,1195.07,4990,42.19515047470045,-978.7898335040145,160,0.43,8.561818505014218,7.967657555421887,41.55698268624541,8.636613221015754,7.946932172350293,41.81241134799558,8.697545494310551,7.959691461118751,41.12613969842284,0.014080202860673066,0.6014198479340215,7.649383834104513,0.9764949804920195,0.014454328474689896,0.6028051423567499,7.283715423046808,0.9764949804920195,6000,300,pv,/gpfs/loomis/project/kklee/jd848/pv+hf/5k/60g/r3/cont3/recal/
42,1195.07,4990,43.247235114227266,-978.892806557465,160,0.43,8.561349900932285,7.947749794146702,37.645863085557195,7.753936526287641,7.924549175853896,37.6288731148399,4.001057299379895,7.101136629620412,37.518025427012994,0.005937456380227908,0.5498462302410441,5.60295921649627,0.8907699144923957,0.012003049438925153,0.527159918604476,6.644288700086538,0.8907699144923957,1789,15,pv,/gpfs/loomis/project/kklee/jd848/pv+hf/5k/60g/r3/recal/
43,1195.07,4990,34.39061711355369,-1058.066813666797,160,0.43,6.936615302721447,7.762255949286754,26.102798563805166,7.101289285885211,7.768289709021695,26.194688813303404,5.482774612576938,7.680678853381269,23.958822175610603,0.0035734236640731117,0.3861485456185452,4.397964514061872,0.6375667000577115,0.005981837589875602,0.38652653953415006,4.7556357167259025,0.6375667000577115,2204,55,pv,/gpfs/loomis/project/kklee/jd848/pv+hf/5k/60g/r1/cont2/recal/
44,1195.07,4990,34.75283185209102,-1055.179046637375,160,0.43,20.43461821235471,7.688530415970996,36.00152591237619,8.33750919159606,7.740211618393342,24.811601673340263,9.571147011600907,6.256781080092808,27.7574163171278,0.022807574894882488,0.4819087658411757,5.630440314132716,0.9573440046996374,0.02690474009624267,0.42953531528996625,7.1408675226151175,0.9573440046996374,1000,15,pv,/gpfs/loomis/project/kklee/jd848/pv+hf/5k/60g/r1/recal/
45,1078.16,4990,59.149029468225145,-1024.13895121832,160,0.43,7.191131843495758,8.6849540853887,28.61594738697269,7.441700131551224,8.709157026494683,29.259655685631003,7.569662333048048,8.578865955280389,28.525069500489078,0.012361072130540567,0.36247111979065555,3.3701144726910037,0.6421248318111673,0.008300209978555878,0.3786589028628477,4.321079834006327,0.6421248318111673,2351,58,pv,/gpfs/loomis/project/kklee/jd848/pv+hf/5k/100g/r1/cont2/recal/
46,1078.16,4990,68.60551598168622,-934.050277710921,160,0.43,7.786800619406263,8.734777606051473,49.83449674340441,7.89919435924638,8.736711019201735,48.99363821331695,7.9800500115499675,8.739235866050631,48.39595358255668,0.014138224189541979,0.599472991783486,8.044221348593581,1.0911750406533887,0.013710813405111951,0.5977286782772588,7.342893826795613,1.0911750406533887,6000,300,pv,/gpfs/loomis/project/kklee/jd848/pv+hf/5k/100g/r3/cont3/recal/
47,1078.16,4990,59.852259892219095,-1023.7873992740875,160,0.43,22.629962030165775,8.583432361233989,40.180399799235786,8.799806094676835,8.645897552798637,30.60025090662486,35.426864912775976,13.451336725417127,73.92318353265968,0.02955723836106649,0.7555618654081176,11.454214855401663,2.0647071411519304,0.04064599545247469,0.9203801717298272,13.894127666104849,2.0647071411519304,1000,15,pv,/gpfs/loomis/project/kklee/jd848/pv+hf/5k/100g/r1/recal/
48,1013.21,4990,80.70879795243066,-989.30673315867,160,0.43,6.722079484065828,9.306057915104088,29.652036382762834,6.9871811837943305,9.267524563139512,29.78904980588531,6.439623895826928,9.078211989962496,30.70819198614846,0.010741903305955003,0.4085377378180203,3.6365126406251798,0.7909696822394628,0.009372870029012796,0.3842162955226115,5.0020602057074175,0.7909696822394628,2500,62,pv,/gpfs/loomis/project/kklee/jd848/pv+hf/5k/140g/r1/cont2/recal/
49,1078.16,4990,67.47365991410199,-939.5302451609447,160,0.43,9.458491435310366,8.671252771460905,44.14493559649221,8.896079064532548,8.66745499269669,43.78915413954258,7.518405654771213,11.906419813673685,47.73526424457804,0.050865456265386425,0.9044114302831726,14.626694476388792,1.7528307609520404,0.050542630716660875,0.8734818892716834,11.795403756949217,1.7528307609520404,1151,7,pv,/gpfs/loomis/project/kklee/jd848/pv+hf/5k/100g/r3/recal/
50,1013.21,4990,90.58867228866733,-897.7286027764563,160,0.43,8.205237926300242,9.148763992764668,51.15435855144126,8.153953122046602,9.13575172998759,50.984545061335,8.044510357564468,9.121136624831776,52.41627669667757,0.01006495260284497,0.5886579991624119,8.09524151203477,1.233429686457349,0.011213162681735025,0.594675410819225,7.800159335688209,1.233429686457349,6000,300,pv,/gpfs/loomis/project/kklee/jd848/pv+hf/5k/140g/r3/cont3/recal/
51,518.76,4990,1414.945756719997,577.186700609375,160,0.43,17.169253451093535,17.262955838177522,158.6632286255716,7.35614268363164,17.286151549444543,132.1122426445856,8.963841014118797,17.18937401634066,137.64291059590536,0.028882802357472315,1.6390698398491,11.420571451464564,3.591395711648983,0.027299383011120216,1.1123955495417683,11.62838363254081,3.591395711648983,4279,106,pv,/gpfs/loomis/project/kklee/jd848/pv+hf/5k/300g/r3-0.8/recal/
52,738.63,4990,344.5043545830707,-499.858982872423,160,0.43,10.653871887614157,12.283925681410448,88.86708179946451,8.708112435981569,12.30054715090568,80.1354740577238,8.437738263994438,12.17208414066459,80.65577159345311,0.017508103700955527,0.7192224929739222,9.720729987425328,2.0050006314142923,0.014195541365028218,0.710859116513506,9.243385511655188,2.0050006314142923,6000,150,pv,/gpfs/loomis/project/kklee/jd848/pv+hf/5k/300g/r3-0.9/recal/
53,868.7,4990,171.77951015740584,-754.195862658275,160,0.43,8.199900535093045,10.552937435855066,65.43928895431725,8.051297166718745,10.550423527509233,65.1027412211528,7.991321037316812,10.472710334155492,64.87150859702733,0.008555347976519146,0.6789886635051654,10.552835993339158,1.8973231803340866,0.011437501498560074,0.67235580593016,10.287284344052146,1.8973231803340866,6000,300,pv,/gpfs/loomis/project/kklee/jd848/pv+hf/5k/300g/r3-0.95/recal/
54,939.1,4990,121.79095329298032,-834.6542379299417,160,0.43,9.235136172956615,9.804448522608306,58.116018256041166,8.667704683983166,9.826676014935275,58.21774321101651,8.237427132835982,9.814341391108247,59.39798149580748,0.010925488125566872,0.6143283757376985,9.51127798437474,1.5904223180019659,0.011684041309543014,0.6226245538433449,9.322103315237978,1.5904223180019659,6000,300,pv,/gpfs/loomis/project/kklee/jd848/pv+hf/5k/300g/r3-0.975/recal/
55,1013.21,4990,80.99273698059032,-988.8928752949001,160,0.43,23.384693012862215,9.218894012689871,40.98082129432474,9.70985731826609,9.273976779422414,32.18429375763059,10.259321481964275,9.382006789543787,36.634130448959716,0.008936999981468215,0.39479324427859613,4.002601801086519,0.8907538154767171,0.01309315205856255,0.4086586963127384,5.633091019194358,0.8907538154767171,1000,25,pv,/gpfs/loomis/project/kklee/jd848/pv+hf/5k/300g/r1-1013/recal/
56,738.63,4990,351.79709826085866,-582.4427244871374,160,0.43,20.33127327941126,12.813883254993845,77.98435929456669,13.613231762156882,12.89084128856482,66.08421691471679,11.19708566181695,12.531150759610304,67.28744991051218,0.01743878410114217,0.43653591065234515,6.1630032938392345,1.4369736330913832,0.02001467979898497,0.47375990459999107,6.624686821858088,1.4369736330913832,1000,25,pv,/gpfs/loomis/project/kklee/jd848/pv+hf/5k/300g/r1-738/recal/
57,518.76,4990,1479.8755385160166,527.9058479703125,160,0.43,8.353191288817683,18.24316811158057,153.85263096927886,5.248080079570408,18.556511318309227,109.18246911367207,6.47900612461776,18.157721887572816,91.83923250205964,0.006295726465044909,0.5417562068626579,5.153579050952591,1.8865112431445217,0.010115472370930124,0.5832657939156526,6.108231513233501,1.8865112431445217,1000,25,pv,/gpfs/loomis/project/kklee/jd848/pv+hf/5k/300g/r1-518/recal/
58,738.63,1044,312.6925534704462,-662.9721451021625,160,0.09,3.5887225348475265,5.662075899501406,58.24944439932766,3.229932721509748,5.631114010949129,53.14493005273911,3.241924013140402,5.843602852280449,70.49388041949094,0.021210390846162448,0.23505475882827165,5.473009404598952,1.3496899753015197,0.02269832301816588,0.2233582439752156,6.2222946803404104,1.3496899753015197,1000,25,ppv,/gpfs/loomis/project/kklee/jd848/ppv/1k/r1-738/recal/
59,518.76,1044,1418.3561988549034,428.13409177076255,160,0.09,6.78189015352199,8.043793913130232,146.81270952498986,5.866031552527781,7.875247654879046,130.37690641779537,5.7065121052755385,7.441796223800677,124.14106521815415,0.003510190414721521,0.2336200664126377,7.32599557059322,2.2393418532361435,0.0036298262699046837,0.24099066428876617,7.250642436691719,2.2393418532361435,1000,25,ppv,/gpfs/loomis/project/kklee/jd848/ppv/1k/r1-518/recal/
60,1078.16,1044,37.739735217280035,-1085.3525334442875,160,0.09,4.256740716815197,3.517171018753499,13.815356592224083,2.126446023383058,3.5246554284715073,11.709234278840626,1.9737263159349834,3.518227214259557,10.603830113526584,0.00628104312163435,0.2080829566085431,2.8617603135514402,0.6723269498819188,0.005326994377650486,0.20522025461086946,4.524320320706864,0.6723269498819188,1000,25,ppv,/gpfs/loomis/project/kklee/jd848/ppv/1k/r1-1078/recal/
61,939.1,1044,91.25458241565009,-994.3693895472124,160,0.09,4.4448145670172154,4.134273364417829,19.065386814660613,3.212160280921192,4.1343170562401665,14.687186597526251,2.741433064288181,4.169264459222363,14.44964296795449,0.011652251614066158,0.2110672943923218,4.538703527015807,0.9016172996827109,0.011660182724757853,0.21563732331806815,5.284740740438807,0.9016172996827109,1000,25,ppv,/gpfs/loomis/project/kklee/jd848/ppv/1k/r1-939/recal/
62,1500.0,1044,3.4579119600048136,-1125.94514261755,160,0.09,5.645115389389295,2.875951151047521,51.58018757405967,4.342618851415279,2.94548539092438,36.31218160505232,2.572045281979513,2.984398021280685,40.94910803860024,0.009129953810605633,0.3562476954539787,4.886795516069197,0.6538130569793211,0.00949939855513775,0.3413064151403485,6.1211702426370955,0.6538130569793211,1000,50,ppv,/gpfs/loomis/project/kklee/jd848/ppv/1k/r1-1500/recal/
63,518.76,1973,1430.5281900605517,449.0318730211875,160,0.17,5.189354055105529,11.587523400508191,151.30591589783802,3.819473741880038,11.41553949850104,117.48773983951854,5.007013152718903,11.589074683706421,158.59652484668544,0.0079490558248826,0.31550065979191416,5.957132973327257,1.5709547961978205,0.005563803565018179,0.3076948613542259,5.086508562761705,1.5709547961978205,1000,25,ppv,/gpfs/loomis/project/kklee/jd848/ppv/2k/r1-518/recal/
64,738.63,1973,321.0335393897271,-637.6242368880487,160,0.17,15.04312542953779,8.25754857296298,80.52404768562964,14.816348145290425,8.510544307022652,80.06398663896479,4.696541860000025,7.222041695558893,74.438805047881,0.016247305065002847,0.3392888316538938,11.203525473812373,0.8075275857208417,0.01452718959596524,0.24102063217345318,3.72283612741246,0.8075275857208417,102,2,ppv,/gpfs/loomis/project/kklee/jd848/ppv/2k/r1-738/recal/
65,1078.16,1973,42.61756913804389,-1064.470864024875,160,0.17,8.047938915284375,5.085684621120376,20.490471578594438,3.5810952403054315,5.085879836459601,16.47382275629027,3.441191134923152,5.066655279558636,17.192464026243613,0.004937870787184014,0.27227856998367345,2.8017369859406,0.6007870027555874,0.004759860129224961,0.2711038370184747,4.042903300932776,0.6007870027555874,1000,25,ppv,/gpfs/loomis/project/kklee/jd848/ppv/2k/r1-1078/recal/
66,939.1,1973,97.0301053025106,-973.3944298443877,160,0.17,8.470411892101147,5.923246671892296,24.255783969781373,5.17667378432802,5.93265384318701,18.48333419424464,5.618840675161822,5.937633613679926,15.384752136856381,0.0008905456222064948,0.2548121519973942,4.7314442903598275,0.6499180379228202,0.0020457598412771064,0.27837716615416636,3.8094303804568446,0.6499180379228202,1000,25,ppv,/gpfs/loomis/project/kklee/jd848/ppv/2k/r1-939/recal/
67,1500.0,1973,6.646049595482237,-1106.7610787696874,160,0.17,6.503973450889339,4.251199467933893,43.98886050623256,4.019154069910259,4.339870692420222,27.682605117761458,2.9493041439753123,4.267040657394236,33.161515253074164,0.011220496766142491,0.4167063791657022,5.872821857382792,0.6836928571049885,0.012451982571124775,0.4046759485410528,6.400912810382976,0.6836928571049885,1000,50,ppv,/gpfs/loomis/project/kklee/jd848/ppv/2k/r1-1500/recal/
68,738.63,3017,327.82589393763027,-620.5067247872014,160,0.26,10.244573012199877,9.48926392626771,45.05788392674757,8.021152901889598,9.480790027311334,38.67636401271451,7.891961175192843,9.59431001215624,37.73471643979846,0.0028450827667583665,0.356953468401832,3.284293772186237,0.8437367409239707,0.004231696385021223,0.3625594711844376,3.889766339478173,0.8437367409239707,1862,46,ppv,/gpfs/loomis/project/kklee/jd848/ppv/3k/r1-738/recal/
69,518.76,3017,1441.7691815903618,470.38747445836475,160,0.26,5.2678430114068115,14.114936203820676,107.83605626710296,3.6186817297567626,14.02125240424257,67.54095838088958,3.7639024365178813,14.089257084576522,81.62834797816507,0.003692382343412037,0.3944916480823081,4.633190169458851,1.4586055988491236,0.004558083146143174,0.39999927059075435,4.722739245072445,1.4586055988491236,2056,51,ppv,/gpfs/loomis/project/kklee/jd848/ppv/3k/r1-518/recal/
70,1500.0,3017,10.908724102801074,-1080.4154007842958,160,0.26,7.414886063441326,5.275164804973149,40.048591598534955,5.386040808187824,5.347731419158072,27.39442556998373,5.041382120525412,5.369334733219948,28.25901125552791,0.016663307207355843,0.48284050562495345,6.373337324873462,0.6688043149464534,0.015032907749667885,0.47636733564604744,6.261522352752585,0.6688043149464534,1393,69,ppv,/gpfs/loomis/project/kklee/jd848/ppv/3k/r1-1500/recal/
71,1281.42,3017,15.194745235960742,-1085.030606031721,160,0.26,6.690450114058954,5.29448930288515,20.46051266522039,4.264805232777372,5.300943543382411,17.751522627814303,4.282158335004054,5.425004930382557,17.24900825242343,0.006963219459311322,0.3776945277514075,4.02503531604739,0.512533907548272,0.0073163171845272434,0.37686098269296686,4.099243437234575,0.512533907548272,3000,75,ppv,/gpfs/loomis/project/fas/kklee/jd848/ppv/3k/r1-1.1/recal/
72,962.75,3017,89.85638964301681,-973.6225725222099,160,0.26,6.300298328233346,7.243465686180772,23.843937293292537,3.842401033604753,7.258827481609493,22.183739638728884,3.7269327784991164,7.385358171764516,21.079796286305555,0.014395415681511623,0.33555744480049116,4.251759916902494,0.6854720559965731,0.014061972329249179,0.3311839594780731,4.119010434574809,0.6854720559965731,5000,125,ppv,/gpfs/loomis/project/fas/kklee/jd848/ppv/3k/r1/recal/
73,1114.5,3017,38.601137593054645,-1057.1356321609626,160,0.26,7.33067680118927,6.11643812416495,20.61595528509254,3.7965869152167184,6.137045789226404,18.040423658510136,4.15439126016193,6.239958556585366,18.08370115424327,0.011673758880802933,0.3326538327472959,4.149286059608018,0.5639249633757629,0.012675148919036353,0.3357288036871616,3.922753356421263,0.5639249633757629,3000,75,ppv,/gpfs/loomis/project/fas/kklee/jd848/ppv/3k/r1-1.05/recal/
74,738.63,3946,334.8353510758719,-599.5058584005626,160,0.34,13.0968650018145,11.19061885824422,48.731232829646956,9.257652290752732,11.232343000570193,41.2774731291853,8.891118179680474,11.351412025859467,43.98004052965644,0.011408916507944521,0.41756422425507594,2.7893729317515517,0.9730062842992865,0.01660892541685504,0.4226231091106104,4.485720378400756,0.9730062842992865,1755,43,ppv,/gpfs/loomis/project/kklee/jd848/ppv/4k/r1-738/recal/
75,518.76,3946,1452.814767849633,491.9456152912979,160,0.34,9.853233688396035,16.32662581687978,108.30287241993149,8.416207546265978,16.270395685766253,79.15869443329694,7.592825184028705,16.45940471463466,86.82781985219852,0.006266738268303891,0.4762134662433494,5.791508168533695,1.5883870084800613,0.0057399191584477805,0.47225572312592123,5.14295136891762,1.5883870084800613,2022,50,ppv,/gpfs/loomis/project/kklee/jd848/ppv/4k/r1-518/recal/
76,1500.0,3946,13.463366638063203,-1052.4902433934749,160,0.34,9.590137700773266,6.105699373020735,36.10330674060553,5.858737008563579,6.157033425434117,24.58090332591119,6.036232478060829,6.190443353337898,22.958063344643243,0.010919103441113973,0.5396039998577382,7.713395957157266,0.6872409422660457,0.018203332212201183,0.5292033403599784,6.4341309192512,0.6872409422660457,1266,63,ppv,/gpfs/loomis/project/kklee/jd848/ppv/4k/r1-1500/recal/
77,518.76,4990,1463.993852203559,514.0569730122,160,0.43,16.746226864215572,18.26162591277227,124.21409557097577,13.260733350605534,18.152147770575997,89.28445129460522,13.022006903270654,18.316391138887518,96.52143900180884,0.005039547165078722,0.5333976268220542,10.487340566595432,2.073385872413948,0.005423104959114479,0.5434350158347652,6.713302648470774,2.073385872413948,1000,25,ppv,/gpfs/loomis/project/kklee/jd848/ppv/5k/r1-518/recal/
78,738.63,4990,342.58890926610917,-577.6841426439,160,0.43,18.178799333750742,12.508804422040882,59.7503814394693,10.21115236242441,12.526496209178385,49.184608681812904,10.144525044745087,12.535115756974797,49.36767601977207,0.028347777097114328,0.5441829560962087,7.209271392866117,1.0366454542782617,0.03717526812991876,0.47166423628777226,4.779107508828981,1.0366454542782617,1000,25,ppv,/gpfs/loomis/project/kklee/jd848/ppv/5k/r1-738/recal/
79,939.1,4990,114.18132128374587,-909.4463794320375,160,0.43,18.92128993773861,9.740287995177507,45.29692302930101,7.599030927243523,9.781564112006363,35.070433662312055,6.913865097743673,9.666073701458815,35.09234482644593,0.027953683663748195,0.4430531080369261,5.431411266482136,1.0664190858268563,0.03146918740063864,0.4596047131790582,6.250710130821558,1.0664190858268563,1000,25,ppv,/gpfs/loomis/project/kklee/jd848/ppv/5k/r1-939/recal/
80,1078.16,4990,57.65183537491207,-1000.428050494125,160,0.43,18.906309492951326,8.282430663094733,39.522647678127136,6.390850503057987,8.312058041108424,27.04844461997581,9.061114757691135,8.194970676369795,27.291926834918605,0.022237063525962348,0.44085252020526056,6.037308781329336,0.7627239881067589,0.024884639516116195,0.43333548376901126,5.132633221214854,0.7627239881067589,1000,25,ppv,/gpfs/loomis/project/kklee/jd848/ppv/5k/r1-1078/recal/
81,962.75,3946,95.60166314621135,-952.2047981309126,160,0.34,10.012101403242168,8.440664877763103,31.576841031412627,5.616120482614548,8.471345731985283,28.423425404540886,5.338364236203771,8.52499229566047,25.735725113980337,0.023619220736041117,0.3861854855484938,4.6931604435617205,0.8072092835815504,0.02362379841048308,0.383854747819373,4.850531006875479,0.8072092835815504,3000,75,ppv,/gpfs/loomis/project/fas/kklee/jd848/ppv/4k/r1/recal/
82,1114.5,3946,43.61381765136636,-1035.7920841605626,160,0.34,9.710803466170802,7.184425301865122,25.568245223013868,5.192280025250843,7.22837638843865,21.89501312318977,5.574695859782122,7.348487753750844,20.92927825760249,0.01935782828012031,0.39515072583407423,3.8894427052828124,0.6464106166312448,0.019109339294007117,0.3764171468902179,4.496536916609102,0.6464106166312448,3000,75,ppv,/gpfs/loomis/project/fas/kklee/jd848/ppv/4k/r1-1.05/recal/
83,1281.42,3946,19.680410809963597,-1062.1630234464208,160,0.34,9.001800209537167,6.232538352631191,27.21830093609514,5.672227835595352,6.259594414232501,23.236384689970638,7.501613248465324,6.393338783087893,25.14716003962934,0.008750996284669778,0.422387209764438,4.915394285750242,0.5918776619356674,0.009395149825857372,0.4236484693815462,4.733834358280026,0.5918776619356674,3000,75,ppv,/gpfs/loomis/project/fas/kklee/jd848/ppv/4k/r1-1.1/recal/
0,1000.0,9980,118.76473727882473,-710.0785900566275,160,0.86,45.102232073396436,12.716959213775837,90.47636796755796,15.712232851791866,12.695459337050615,64.48613893028573,13.685928436338907,11.193300410355192,64.78616388516858,0.015660640150512845,1.1908240790701452,19.1781315696159,3.072675403146501,0.015660640150512845,1.1908240790701454,19.178131569615903,3.072675403146501,745,6,ppv,/gpfs/loomis/project/kklee/jd848/ppv/10k/r1-1000/recal/
1,519.0,9980,1497.195090538561,622.777959257,160,0.86,31.355234899952993,25.472935559443922,152.22972582973696,12.542020704893403,25.50595417378604,140.0682310938261,14.584917267802552,24.762554939849302,119.91518517775278,0.02577522961250476,0.9622905514669433,8.148818106366228,3.142272038718973,0.0173833012864093,0.9047757110500745,10.178897675343903,3.142272038718973,1000,25,ppv,/gpfs/loomis/project/kklee/jd848/ppv/10k/r1-519/recal/
2,1000.0,9980,116.76851004736655,-715.8763069515335,160,0.86,46.089937145227076,12.770629017070826,90.05645024848255,15.161007544114813,12.742950094817378,72.98035971222923,16.083473157228337,11.632443178084284,60.67385032975207,0.016120919476855795,1.1803609389446819,15.722995890263297,3.2059428897572984,0.029654697001817713,1.1977967376218854,20.009921803480722,3.2059428897572984,953,12,pv,/gpfs/loomis/project/kklee/jd848/pv+hf/10k/pv/r1-1000/recal/
3,519.0,9980,1515.415032145917,642.4392849730875,160,0.86,30.171876373155236,26.220909798695576,172.81525413616637,15.546388047085252,26.254240861129464,163.69454840082489,15.301435477445649,25.861102970708167,172.52443111474602,0.01861226610316715,0.9186599385120461,10.202658752554656,3.6825019930036618,0.010318263671630103,0.9068419699131697,11.928887923820717,3.6825019930036618,1000,25,pv,/gpfs/loomis/project/kklee/jd848/pv+hf/10k/pv/r1-519/recal/
4,218.85,9980,29766.688386665013,8948.813521518325,160,0.86,56.64868978172241,51.228411524914485,1284.0895721166594,19.99417339438517,51.55061997588648,758.3373572896418,22.339884082917628,50.77382682896788,714.979076065199,0.03721092498445172,4.647495870552112,58.237247374719594,31.87691342114282,0.054884671426532375,4.699418974454493,43.54240607214524,31.87691342114282,1000,25,pv,/gpfs/loomis/project/kklee/jd848/pv+hf/10k/pv/r1-218/recal/
5,126.65,9980,166079.72818967848,21675.447244741623,160,0.86,149.97542296172048,82.07305901731812,2949.766120196856,52.95580370620617,83.89834790314563,1702.1718993730183,55.404954387075854,82.94199306964762,1708.4394268203703,0.07996441770714531,9.201038129583353,86.02259153790524,68.32836563266028,0.1330712156041724,8.844218731379456,54.01269370074449,68.32836563266028,909,45,pv,/gpfs/loomis/project/kklee/jd848/pv+hf/10k/pv/r1-126/recal/
6,218.85,4990,30188.390609271333,8761.59625301605,160,0.43,49.68822099860922,36.36492948134318,553.7808955724252,41.31843437784084,36.51257805588509,513.5607931200697,53.79881185211814,35.65785150080354,483.9186766208223,0.0609401176991737,3.8506443032984805,31.948606455412552,22.03328847234121,0.04404057341567666,4.030157990890123,30.096464519399596,22.03328847234121,1000,25,pv,/gpfs/loomis/project/kklee/jd848/pv+hf/5k/4000g/r3-218/recal/
7,126.65,4990,165769.47713487252,21550.545791953635,160,0.43,82.94225579579745,57.59196894474482,2417.145408567512,38.16422356497129,59.383752488950364,1286.9831193703442,43.635753145192545,60.2450962991549,1488.8600861436191,0.04195562739958127,8.423444140775537,58.114666219427676,72.04033951747734,0.15446925064186057,8.496107793109402,56.94696128653249,72.04033951747734,942,23,pv,/gpfs/loomis/project/kklee/jd848/pv+hf/5k/4000g/r3-126/recal/
8,347.53,4990,6384.910261702564,3155.0098988170125,160,0.43,20.992336197702425,25.220764853599665,403.43735278709096,11.638876445476999,25.774974917281043,242.9554017308963,14.266754833985313,25.144758510624516,274.96578796634844,0.015017064633664414,1.672644708207434,13.701771904126304,7.7593842154951345,0.02705913819481027,1.6251626405614628,16.830970826827734,7.7593842154951345,1000,25,pv,/gpfs/loomis/project/kklee/jd848/pv+hf/5k/4000g/r1-347/recal/
9,218.85,4990,29524.840716323546,8857.374304127625,160,0.43,70.92800322703772,34.90289024782468,1359.5124338629728,22.175377778469358,35.89164886457298,579.4078073013768,29.9519924166857,34.279228532504604,560.3891423820351,0.031817895597301644,4.303629084235989,40.0029715735773,24.16333259129917,0.04840691474691251,4.254373332961141,33.00600738366375,24.16333259129917,1000,25,pv,/gpfs/loomis/project/kklee/jd848/pv+hf/5k/4000g/r1-218/recal/
10,126.65,4990,165060.7512545195,21524.850774912276,160,0.43,153.64782685800012,57.00239572865292,3242.013899182283,28.80956912088349,59.58471086144589,1514.2051989334423,36.43371582945924,58.874733284939886,1598.0436360751833,0.07339982234533694,8.775061792160274,94.27548796355376,65.5404954253249,0.07650340657049072,7.856418155242657,51.80891817952434,65.5404954253249,1000,25,pv,/gpfs/loomis/project/kklee/jd848/pv+hf/5k/4000g/r1-126/recal/
11,347.53,1044,6222.399286502102,3042.9860460699,160,0.09,26.70272860697276,10.786653116280709,680.9743096513037,12.188847215496413,11.418993625035746,145.95838461987256,10.978673913690827,10.885454241876026,136.34581600744892,0.03383015356909928,2.3707449332541026,28.880460633254604,10.087015557364175,0.029736508255307898,2.285725551641421,21.8798631258293,10.087015557364175,1000,25,pv,/gpfs/loomis/project/kklee/jd848/pv+hf/1k-solid/r1-347/recal/
12,218.85,1044,30002.47597208788,8811.852133714687,160,0.09,66.42033092049472,19.048758872200555,1226.9333806371137,31.652002702662383,19.99515520829719,255.21810713007747,20.473791045225845,15.099174702320482,186.99010606545158,0.015914558094794376,2.4496717572536957,15.812921252294114,16.152713844765227,0.02846467375486647,2.6129169241114556,22.063868483873897,16.152713844765227,1000,25,pv,/gpfs/loomis/project/kklee/jd848/pv+hf/1k-solid/r1-218/recal/
13,126.65,9980,168919.11062177952,21637.079507243543,160,0.86,71.07900746006518,85.49628942365686,2341.2832784266934,38.23230926105453,86.21144235317631,1920.0446303665008,39.615602121731186,86.66917557323373,1884.5928151161038,0.037474873766227004,8.761948486664158,71.69600832654993,78.59298621008254,0.06435491006864938,8.296595617570791,62.126744169670985,78.59298621008254,2000,50,pv,/gpfs/loomis/project/kklee/jd848/pv+hf/10k/r3-0.5-10k/recal/
14,218.85,9980,30295.699346888683,8875.980817850528,160,0.86,24.548088842244677,52.45323161213197,632.0692400623008,22.007278258221167,52.67528448366608,620.7793151478738,25.546831290535064,49.928232771473574,620.6237850359234,0.04666860655124698,4.2640201791918395,37.32078614914244,21.78208392579539,0.03564305082232315,4.23705272009392,29.753330595849377,21.78208392579539,875,21,pv,/gpfs/loomis/project/kklee/jd848/pv+hf/10k/r3-0.6-10k/recal/
15,347.53,9980,6336.7283667824195,3190.3526196249877,160,0.86,16.05901012104309,35.36895982186174,351.0576204239771,15.93457772958438,35.29108521701156,359.52910248628336,16.7886507091519,34.489355250153814,351.5628089764835,0.0195944895892085,2.549794940238575,24.556421998773594,10.80984276902014,0.029104360590631474,2.4907951945363456,23.44775606350908,10.80984276902014,2000,50,pv,/gpfs/loomis/project/kklee/jd848/pv+hf/10k/r3-0.7-10k/recal/
16,1000.0,9980,118.53473903017577,-717.2412150269859,160,0.86,29.640023025834324,12.717832887423501,84.57501734697563,14.426928566925634,12.805266906270498,65.90411541356069,16.97459766641445,11.988189849437022,67.15576987514392,0.014767169589500908,1.1906682084989813,13.54942674737613,2.1708574759888224,0.014767169589500908,1.1906682084989813,13.549426747376131,2.1708574759888224,796,9,pv,/gpfs/loomis/project/kklee/jd848/pv+hf/10k/r3-1000/recal/
17,4000.0,9980,2.3449193071338175,-849.1094167602631,160,0.86,29.198999833044073,6.447269608851899,24.96764087703131,12.216282805709,6.726175314192818,10.573511006482233,12.426788864400182,6.695201633991207,10.992455254344403,0.004732447721760025,1.0000333541534638,15.529110827638775,0.45196310104429804,0.026409130419445925,0.8127602230310604,11.283727278921933,0.45196310104429804,94,5,ppv,/gpfs/loomis/project/kklee/jd848/ppv/10k/r1-4000/recal/
18,4000.0,9980,2.3164532362037153,-838.7150486232954,160,0.86,25.358648029127327,6.299687212559205,25.424907284700918,10.486189925644135,6.583437586222741,10.336399796560913,9.333890193724116,4.058000987996112,6.690893422283474,0.08534415942467391,0.8025271551007941,11.946042228522838,0.312662370749144,0.05895687640256837,0.7599147132453379,7.805940161404307,0.312662370749144,110,5,pv,/gpfs/loomis/project/kklee/jd848/pv+hf/10k/pv/r1-4000/recal/
19,347.53,4990,6256.485373611333,3079.6024618580377,160,0.43,14.867204939030916,25.07766194316409,227.81504757166695,7.85212764678137,25.14993938617594,222.7322490546536,12.659686044179484,24.44532986943476,201.5506091900844,0.020208015445900708,2.347059876695784,25.137360766667246,9.142205801086684,0.030104440313163,2.2203185342939995,19.83046526084757,9.142205801086684,1000,25,pv,/gpfs/loomis/project/kklee/jd848/pv+hf/5k/4000g/r3-347/recal/
20,4000.0,9980,2.5438425915943466,-826.4437925486666,160,0.86,34.26291792454486,6.465380638755185,23.96466900606336,13.119436071790625,6.696421739540838,9.96138574028981,20.635716777028396,5.688177124067951,13.677783543440222,0.041176833964212275,1.114763774335364,14.310448590982276,0.326694857408597,0.037142742650650186,0.8136994291943555,8.156275735579552,0.326694857408597,93,5,pv,/gpfs/loomis/project/kklee/jd848/pv+hf/10k/r3-4000/recal/
