,vol,T,P(GPa),E(eV),N,sigma(eV),Est_all,Fst_all,Vst_all,Est_eq,Fst_eq,Vst_eq,Est_tr,Fst_tr,Vst_tr,Eaerr_test,Ferr_test,Verr_test,Verr_test(GPa),Eaerr_tr,Ferr_tr,Verr_tr,Verr_tr(GPa),Ndata,Ntrain,phase,path
0,2400.0,3017,-0.24877730979227586,-1072.7124468605193,160,0.258519909,4.949513435234956,5.293090295512439,20.9447689623515,4.200830358552729,5.297644205959897,19.858850494035245,4.6408840038007995,5.017740380624912,25.33201018101747,0.0035782268364670995,0.34842491949393845,2.7658018503790833,0.18777108469840692,0.007740867008497796,0.36084759049713777,2.812739852933052,0.18777108469840692,192,9,pv,/gpfs/loomis/project/kklee/jd848/pv+hf/3k/solid0/r3/cont1/recal
1,1273.0,3017,30.68051270028387,-1112.2429808273437,160,0.258519909,7.094164588948429,5.437980490384499,14.005548389745007,3.9728301613068364,5.460358575081179,12.19893325579332,3.6652764538380587,5.411631101659277,12.464151177630722,0.0018198929386934522,0.17129250288229433,2.14935435330832,0.25193742247106526,0.0025438855059009254,0.17344912185593203,2.001753955475432,0.25193742247106526,4000,100,pv,/gpfs/loomis/project/kklee/jd848/pv+hf/3k/solid1/r1-k111/recal
2,1273.0,3017,63.50039960196241,-1059.442863665585,160,0.258519909,18.31708010445711,5.897630151137425,25.976925764835368,5.3337273112456565,5.915310631494039,23.50775248716978,5.188586450743103,5.933803616503682,23.44519508774029,0.009996770908800646,0.27461325237137274,3.386329781426474,0.396954935867756,0.007319127959973783,0.2628292685822203,3.1539820691387623,0.396954935867756,5000,250,pv,/gpfs/loomis/project/kklee/jd848/pv+hf/3k/solid1/r3-3k/recal
3,1195.07,3017,49.91524620009806,-1103.5472277943688,160,0.258519909,7.341197093616467,5.825566652892488,13.175054895487094,3.9027614283246015,5.844098315982107,11.644227462749637,4.099108148933255,5.820699007779654,12.141273776024457,0.0016278241703745516,0.15901253725010933,1.8007256406207066,0.22976126507356487,0.0016322126001535552,0.1550746930161371,1.7137985381060001,0.22976126507356487,4000,100,pv,/gpfs/loomis/project/kklee/jd848/pv+hf/3k/solid2/r1-k111/recal
4,1195.07,3017,68.35097629661001,-1046.598630079486,160,0.258519909,4.311472915155993,6.149660538773672,22.50861932200741,4.149120172771598,6.16405306303325,21.4980515732688,4.361609880312205,6.1070661215228315,21.030137181805685,0.0038793313017441307,0.2426097230970734,2.872469424011196,0.38229802545269637,0.00433074911937121,0.24121538158785016,2.851576382693861,0.38229802545269637,8000,200,pv,/gpfs/loomis/project/kklee/jd848/pv+hf/3k/solid2/r4-3k-re/recal
5,1078.16,3017,92.66785247400873,-1068.7337568920154,160,0.258519909,4.189751310440448,6.584300569192246,12.736684191415995,3.947916645711793,6.582406245525399,12.347540997538095,3.8216814182836925,6.488381968014639,11.987515592056015,0.0011612171475645645,0.13855325624370202,1.7124479498462228,0.2543609524603295,0.0012852099484881036,0.1386363117645294,1.7116827255143336,0.2543609524603295,4000,100,pv,/gpfs/loomis/project/kklee/jd848/pv+hf/3k/solid3/r1/cont2/recal
6,1078.16,3017,110.02317251469044,-996.2701689036453,160,0.258519909,4.667142413497923,6.764588085759682,24.11063215584304,4.229572044023271,6.758396056027782,22.997805127273544,4.096105976367632,6.749742719528516,22.421610578499553,0.005306317925738105,0.25343243033773893,3.245632413809834,0.45964150495696404,0.004177520365583583,0.25295409763176996,3.0930864834174994,0.45964150495696404,8000,200,pv,/gpfs/loomis/project/kklee/jd848/pv+hf/3k/solid3/r3/recal
7,1013.21,3017,128.5655244079966,-1033.17494377412,160,0.258519909,4.1219141235020675,7.127654934290565,13.120546813586998,4.169580243327899,7.103632247658712,13.131576585337587,4.400334236437352,6.993133777712787,13.288838923064008,0.0012743158502539422,0.14274213306041444,1.684312618605374,0.25662942601111394,0.0013074309534387538,0.14013486667672898,1.622914086705919,0.25662942601111394,5000,125,pv,/gpfs/loomis/project/kklee/jd848/pv+hf/3k/solid4/r1/cont1/recal
8,1013.21,3017,141.9612303387984,-958.3526346010485,160,0.258519909,5.9371863749612555,7.1289013411128845,26.781565724659224,4.844395409995625,7.136549315513906,23.610973568162876,5.000768006259169,7.095344589773921,24.53200950378255,0.0032408549740067273,0.2612056920930889,3.1679668895200717,0.4683963810556112,0.0031396868951013733,0.25847630386962395,2.962119725679097,0.4683963810556112,8000,200,pv,/gpfs/loomis/project/kklee/jd848/pv+hf/3k/solid4/r3/cont1/recal
9,518.76,3017,1361.5463718030533,530.8505268760833,160,0.26,5.376451437638785,13.321189600428177,39.40102017136653,4.334332487481127,13.342498693735804,37.11325978440794,6.549402083676847,13.295250572254679,38.00210206216436,0.00781514521265656,0.5873281279274696,5.329543540207278,1.5944517490246701,0.007612631203380897,0.5862122824906847,5.162588060428886,1.5944517490246701,6000,150,pv,/gpfs/loomis/project/kklee/jd848/pv+hf/3k/300g/r3-0.8/recal
10,738.63,3017,452.2798437597988,-550.6152845059646,160,0.258519909,4.878771875773248,9.447598070936587,23.901809586910247,4.212599424451146,9.45872273507875,23.75946982484458,4.662040691559038,9.392740692550085,23.17028549968204,0.003802857005707024,0.3548146659555574,3.274005976872402,0.7023447420854414,0.0035912315422415102,0.34787138342157087,3.237925769928758,0.7023447420854414,6000,150,pv,/gpfs/loomis/project/kklee/jd848/pv+hf/3k/300g/r3-0.9/recal
11,868.7,3017,257.7754977845091,-801.647669387825,160,0.258519909,4.582263459355263,8.065281519962463,22.97345474611195,4.166388419759914,8.072337264861774,22.841409167969232,3.8723530322092636,8.019595852339569,23.269374648083385,0.003420788700903946,0.3164811894661221,3.746018045711655,0.6588066491557927,0.003795565931795928,0.319611942648372,3.572048978194884,0.6588066491557927,6000,150,pv,/gpfs/loomis/project/kklee/jd848/pv+hf/3k/300g/r3-0.95/recal
12,939.1,3017,195.0890569863202,-893.198707905473,160,0.258519909,4.970171848939024,7.561415181104999,25.50019675371707,4.073245658843902,7.585007516252399,24.40316726432508,4.442921486314193,7.547836935591214,24.2776592078856,0.004492359604976877,0.2898795726117778,3.559366111118884,0.5747474699412843,0.005353959917380329,0.28207583845878687,3.3688255215729845,0.5747474699412843,6000,150,pv,/gpfs/loomis/project/kklee/jd848/pv+hf/3k/300g/r3-0.975/recal
13,1013.21,3017,128.30397087697298,-1032.7578093532625,160,0.258519909,14.878101980554696,6.919684451952792,16.44345259521424,7.2985879137449965,6.966864809184793,13.041148098251735,8.030663836040027,6.932904603525319,12.921604890481813,0.0015050390984910665,0.12780710714436197,1.4161819575447578,0.30811735272331336,0.0011605128695546365,0.14958048299634064,1.9485216479872651,0.30811735272331336,1000,25,pv,/gpfs/loomis/project/kklee/jd848/pv+hf/3k/300g/r1-1013/recal
14,738.63,3017,459.42018865970965,-624.344359090101,160,0.258519909,16.88103048709677,9.111969453897826,59.44461089453534,17.06253310841743,9.353041120141782,57.63595871998194,17.359587457542048,6.808564701685495,89.11909314596954,0.0046853117630334395,0.1856379164653718,5.4482825565768245,0.6859795339547066,0.0017597411996875486,0.11683520622469226,3.1624794456928633,0.6859795339547066,123,3,pv,/gpfs/loomis/project/kklee/jd848/pv+hf/3k/300g/r1-738/recal
15,1488.78,3946,28.843348066835752,-1054.9803857134916,160,0.34469321199999997,6.443795536007407,6.229552468966257,25.08237312497988,6.393069766684446,6.226034845511581,24.96942858017452,6.363059763301534,6.194106185587787,24.921723043713907,0.0058835763452887106,0.3036370978658531,3.5254125030408017,0.3787814340958015,0.007089681497901963,0.2978170378659889,3.519725703971197,0.3787814340958015,6000,217,pv,/gpfs/loomis/project/kklee/jd848/pv+hf/4k/25g/r3-4k/cont1/recal
16,1078.16,3946,116.52377966036532,-975.8447512411708,160,0.34469321199999997,6.935022055917417,7.739232649791236,26.57644666474729,6.118561977463226,7.751718544036507,25.646684066383315,6.078132406893352,7.7694428577213595,26.421786720317815,0.004412825296208978,0.2779969411606092,3.0013950168097385,0.4460158905652395,0.004412825296208978,0.2779969411606092,3.001395016809739,0.4460158905652395,6000,300,pv,/gpfs/loomis/project/kklee/jd848/pv+hf/4k/100g/r3/recal
17,1013.21,3946,149.94907417998212,-931.4076809677272,160,0.34469321199999997,7.7234569107210715,8.198281525085207,29.648270824105747,6.505116140952943,8.223020941894642,28.743125250152197,6.840935844525849,8.213031316138718,28.340050512428224,0.005754362585462304,0.2989244020982441,3.663061197083973,0.5792354014002628,0.005754362585462304,0.2989244020982441,3.663061197083973,0.5792354014002628,6000,300,pv,/gpfs/loomis/project/kklee/jd848/pv+hf/4k/140g/r3-4k/cont1/recal
18,1195.07,3946,75.74485114953943,-1017.9263399370782,160,0.34469321199999997,6.570840463900331,7.120140115445706,27.46864174035571,6.42400362342132,7.1199829808947195,26.523264469568037,6.378231309321608,7.108522586430355,26.704596636614934,0.0034066917397641387,0.2878397260028458,3.510369035733615,0.4190645080079126,0.005648158247373571,0.2774905448647284,3.1258190581694456,0.4190645080079126,5741,287,pv,/gpfs/loomis/project/kklee/jd848/pv+hf/4k/60g/r3/recal
19,1488.78,3946,28.863730644462343,-1051.6377559103666,160,0.34469321199999997,8.124662564019651,6.212416885949595,24.558144548715624,8.039472388408186,6.227171072298608,24.189569098601485,8.604104710959696,6.211993784764431,24.310747517231672,0.007233335781990891,0.3170740065245163,3.505967939709572,0.3636223786665144,0.007110253695059962,0.32281141424235515,3.3788642143637335,0.3636223786665144,3000,150,pv,/gpfs/loomis/project/kklee/jd848/pv+hf/4k/25g/r1-0.99/cont1/recal
20,1195.07,3946,58.19092105987869,-1081.5881546104051,160,0.34469321199999997,5.463775750468118,6.882413599408843,15.124440720789046,5.457684537682867,6.891598867184517,15.331075845092409,5.965421317940275,6.868752501228752,15.931118713021748,0.0021758760718852245,0.1869216671239677,2.2929512591526233,0.3098685248175821,0.0023626029239679947,0.18399592911904958,2.311321817745924,0.3098685248175821,5000,125,pv,/gpfs/loomis/project/kklee/jd848/pv+hf/4k/60g/r1/cont1/recal
21,1078.16,3946,101.64161433358429,-1047.0922764797624,160,0.34469321199999997,5.138861750287628,7.702938550305129,15.587542154658964,5.300436220245614,7.684375126770764,15.61392816362053,5.010982519027313,7.655141286585487,14.575287457381437,0.0015819615597031066,0.1697800766717636,1.941819110891477,0.30062508278573946,0.0017179619111401527,0.17211608912051685,2.023010041767006,0.30062508278573946,5000,125,pv,/gpfs/loomis/project/kklee/jd848/pv+hf/4k/100g/r1/cont1/recal
22,1013.21,3946,138.09730626919097,-1008.087415703505,160,0.34469321199999997,6.234481932423245,8.290194649460586,19.13179171050228,5.594756126330526,8.262302952298304,17.982827697773498,6.772569418613875,8.253276294022827,19.78025281591713,0.001783589400784952,0.17285810888027653,2.4303857032301375,0.3863599337381343,0.0022125994763726336,0.17852946559149294,2.4433245584831287,0.3863599337381343,5000,125,pv,/gpfs/loomis/project/kklee/jd848/pv+hf/4k/140g/r1-0.78/re2/recal
23,738.63,3946,458.93963420758365,-528.6970457204292,160,0.34469321199999997,5.4256693547947235,10.978936079760551,28.268604277387205,5.557588984983857,10.982610811135915,28.625105514384945,5.607552361670626,10.875457041084525,28.701646962883366,0.0038406473595221243,0.3884670164351337,3.721099891452886,0.7695118676560695,0.0047933217426543015,0.3792381454273623,3.5475773608717147,0.7695118676560695,6000,150,pv,/gpfs/loomis/project/kklee/jd848/pv+hf/4k/300g/r3-0.9/recal
24,939.1,3946,200.5537443786972,-867.2133320804209,160,0.34469321199999997,6.102102334284577,8.779053755169786,33.921794112235915,5.644815634553586,8.791411851223705,32.263357149172016,5.130682696734171,8.756647970950413,32.37245529615599,0.004337397716212095,0.31443263548485784,3.739840640362817,0.6380454945700145,0.0043373977162120955,0.31443263548485784,3.739840640362817,0.6380454945700145,6000,300,pv,/gpfs/loomis/project/kklee/jd848/pv+hf/4k/300g/r3-0.975/recal
25,868.7,3946,263.4370222306513,-778.1742359031167,160,0.34469321199999997,6.338503474882591,9.358101102874196,29.850984817691064,6.226136089308495,9.346834854142228,29.58566840119863,6.28502978324489,9.340521200476195,30.37379502225361,0.005467575127479156,0.35351684681137047,4.735697648924595,0.7745570248000597,0.004900820979830548,0.3520120560288963,4.199647396601257,0.7745570248000597,6000,150,pv,/gpfs/loomis/project/kklee/jd848/pv+hf/4k/300g/r3-0.95/recal
26,518.76,3946,1369.4569675893995,552.1579915729917,160,0.34469321199999997,6.641629999977988,15.413196687041832,45.1969640493087,5.726828102678229,15.445124604605148,47.367670831391855,5.417628421283996,15.384683603978148,47.10334066765906,0.009728452625342922,0.6468255605608341,6.388008109312334,1.98224145519871,0.008758285004953053,0.6417175611623148,6.41819112792588,1.98224145519871,6000,150,pv,/gpfs/loomis/project/kklee/jd848/pv+hf/4k/300g/r3-0.8/recal
27,1013.21,3946,135.95781048377881,-1010.9193142227625,160,0.34469321199999997,18.99140094759261,8.055068615608354,20.981189832234676,8.110800757038982,8.09763444260233,16.524003730700194,7.49230962567319,7.7165925351718565,18.72769642698177,0.0020221607591706845,0.16050839730911784,2.227775324975616,0.2848219422742497,0.0016728894585589867,0.1763654541488728,1.8012024166698695,0.2848219422742497,1000,25,pv,/gpfs/loomis/project/kklee/jd848/pv+hf/4k/300g/r1-1013/recal
28,738.63,3946,471.64618183746717,-604.428024412225,160,0.34469321199999997,16.01260245465882,11.425738688398416,32.54451812261825,12.173581012184144,11.52559303537402,24.873072640443205,16.919662181500087,11.110474525712688,29.206539940933126,0.003533499018686573,0.21809805975799246,4.012329374049908,0.50185836672038,0.0017447790942185814,0.20578737877050005,2.3136503216829007,0.50185836672038,1000,25,pv,/gpfs/loomis/project/kklee/jd848/pv+hf/4k/300g/r1-738/recal
29,2900.0,4990,0.4565573543139396,-979.8499250338663,160,0.43,25.443105167592726,5.98634556498056,29.35431799278866,22.43758422394116,6.017963608925899,25.14512965406977,7.454186019666087,5.965850290186047,24.072322659147957,0.007627505944435986,0.37517283048011285,4.328544069374452,0.18996853990860246,0.009011304513328362,0.38732084866470173,3.4385020888637547,0.18996853990860246,766,35,pv,/gpfs/loomis/project/kklee/jd848/pv+hf/5k/0g/r3/recal
30,1195.07,4990,84.22859920539724,-978.7898335040145,160,0.430866515,8.561818505014218,7.967657555421887,30.99739850021005,8.636613221015754,7.946932172350293,31.187923016304513,8.697545494310551,7.959691461118751,30.67603025328897,0.0079786190542787,0.3606761170719937,3.9795585707459304,0.533521526199586,0.0079786190542787,0.36067611707199365,3.9795585707459304,0.533521526199586,6000,300,pv,/gpfs/loomis/project/kklee/jd848/pv+hf/5k/60g/r3/cont3/recal
31,1195.07,4990,65.71651427364576,-1058.066813666797,160,0.430866515,6.936615302721447,7.762255949286754,19.470182675497636,7.101289285885211,7.768289709021695,19.538723983030415,5.482774612576938,7.680678853381269,17.870982302305613,0.003654442606333284,0.2220210267170925,2.0882741802231357,0.3022865371065214,0.0031673918141010204,0.21235406206856372,2.2547674657710908,0.3022865371065214,2204,55,pv,/gpfs/loomis/project/kklee/jd848/pv+hf/5k/60g/r1/cont2/recal
32,1078.16,4990,109.01329321277454,-1024.13895121832,160,0.430866515,7.191131843495758,8.6849540853887,19.256601032899688,7.441700131551224,8.709157026494683,19.689773267989573,7.569662333048048,8.578865955280389,19.19544715994747,0.0027739106071846906,0.18775651870621002,3.0084102702375377,0.34753336315310035,0.0030357857133035274,0.20308861227905523,2.338672066192384,0.34753336315310035,2351,58,pv,/gpfs/loomis/project/kklee/jd848/pv+hf/5k/100g/r1/cont2/recal
33,1078.16,4990,127.98133673104775,-934.050277710921,160,0.430866515,7.786800619406263,8.734777606051473,33.53525246618073,7.89919435924638,8.736711019201735,32.96941143361199,7.9800500115499675,8.739235866050631,32.56720640029536,0.008772384050218464,0.3544279692424344,4.035448392027913,0.599679181953706,0.008772384050218464,0.35442796924243447,4.035448392027914,0.599679181953706,6000,300,pv,/gpfs/loomis/project/kklee/jd848/pv+hf/5k/100g/r3/cont3/recal
34,1013.21,4990,143.7572522282975,-989.30673315867,160,0.430866515,6.722079484065828,9.306057915104088,18.751781699652298,6.9871811837943305,9.267524563139512,18.83842822089453,6.439623895826928,9.078211989962496,19.4196895677141,0.0017123106944970906,0.2241424686649695,2.610349697910066,0.37598625982843514,0.0022053983292122633,0.20544481887113564,2.377721865212033,0.37598625982843514,2500,62,pv,/gpfs/loomis/project/kklee/jd848/pv+hf/5k/140g/r1/cont2/recal
35,1013.21,4990,159.82829203695474,-897.7286027764563,160,0.430866515,8.205237926300242,9.148763992764668,32.349729834782835,8.153953122046602,9.13575172998759,32.24234073475685,8.044510357564468,9.121136624831776,33.14776316820237,0.006583873472456006,0.35643512920873005,4.056564698382319,0.6414596303343586,0.006583873472456006,0.35643512920873,4.056564698382319,0.6414596303343586,6000,300,pv,/gpfs/loomis/project/kklee/jd848/pv+hf/5k/140g/r3/cont3/recal
36,518.76,4990,1377.3423724843526,577.186700609375,160,0.430866515,17.169253451093535,17.262955838177522,51.37292140418778,7.35614268363164,17.286151549444543,42.77608565452708,8.963841014118797,17.18937401634066,44.56683600358173,0.0010199247609499196,1.247875253083254,13.595548613321563,1.9931091536599919,0.01052681635039186,0.7165377150949979,6.453379054029555,1.9931091536599919,4279,106,pv,/gpfs/loomis/project/kklee/jd848/pv+hf/5k/300g/r3-0.8/recal
37,738.63,4990,471.55992833342725,-499.858982872423,160,0.430866515,10.653871887614157,12.283925681410448,40.96910365165419,8.708112435981569,12.30054715090568,36.94369699518053,8.437738263994438,12.17208414066459,37.183557370430364,0.0076655413232561975,0.44584976838630985,4.375807592116593,0.931982181492189,0.005810364803106222,0.4326695225221393,4.2965924591500295,0.931982181492189,6000,150,pv,/gpfs/loomis/project/kklee/jd848/pv+hf/5k/300g/r3-0.9/recal
38,868.7,4990,272.88426167518764,-754.195862658275,160,0.430866515,8.199900535093045,10.552937435855066,35.48112670910526,8.051297166718745,10.550423527509233,35.29865081496169,7.991321037316812,10.472710334155492,35.17327638460832,0.006275815153907603,0.39748697572966746,4.677654015177535,0.8627176129053408,0.006275815153907603,0.39748697572966746,4.677654015177535,0.8627176129053408,6000,300,pv,/gpfs/loomis/project/kklee/jd848/pv+hf/5k/300g/r3-0.95/recal
39,939.1,4990,207.766857034575,-834.6542379299417,160,0.430866515,9.235136172956615,9.804448522608306,34.06416231676441,8.667704683983166,9.826676014935275,34.1237874507968,8.237427132835982,9.814341391108247,34.81557478256214,0.006373627597682041,0.3633087937017598,4.414993132410634,0.7532316875456156,0.006373627597682041,0.3633087937017598,4.414993132410634,0.7532316875456156,6000,300,pv,/gpfs/loomis/project/kklee/jd848/pv+hf/5k/300g/r3-0.975/recal
40,1013.21,4990,143.87682129992393,-988.8928752949001,160,0.430866515,23.384693012862215,9.218894012689871,25.91604182277693,9.70985731826609,9.273976779422414,20.353167084399143,10.259321481964275,9.382006789543787,23.16721694352838,0.002166479028801808,0.20336282158700192,2.0764809247380134,0.406622862596483,0.0024174612646964124,0.21756967225084994,2.571466499153291,0.406622862596483,1000,25,pv,/gpfs/loomis/project/kklee/jd848/pv+hf/5k/300g/r1-1013/recal
41,738.63,4990,480.776148327508,-582.4427244871374,160,0.430866515,20.33127327941126,12.813883254993845,35.95208328608651,13.613231762156882,12.89084128856482,30.4659202422817,11.19708566181695,12.531150759610304,31.02062724869964,0.0029783802370640057,0.22469041183686572,2.864429243949703,0.46446809939948824,0.003167204129945739,0.23288136860580128,2.1412749868247487,0.46446809939948824,1000,25,pv,/gpfs/loomis/project/kklee/jd848/pv+hf/5k/300g/r1-738/recal
42,738.63,1973,442.36280587815827,-637.6242368880487,160,0.17234660599999999,15.04312542953779,8.25754857296298,37.12292175803512,14.816348145290425,8.510544307022652,36.91082598378968,4.696541860000025,7.222041695558893,34.31752289251503,0.00934736045054052,0.18020761048452952,7.600057344509979,0.6589693012807604,0.0037501893875571566,0.11635096878947054,3.037957792455937,0.6589693012807604,102,2,ppv,/gpfs/loomis/project/kklee/jd848/ppv/2k/r1-738/recal
43,1078.16,1973,81.90310542056233,-1064.470864024875,160,0.17234660599999999,8.047938915284375,5.085684621120376,13.788704279674437,3.5810952403054315,5.085879836459601,11.085770743292956,3.441191134923152,5.066655279558636,11.569367912016434,0.0017360269028150477,0.13477749273461545,1.9519780954101411,0.24406709838299237,0.0016040044513053176,0.13388958454274638,1.6424118251158486,0.24406709838299237,1000,25,ppv,/gpfs/loomis/project/kklee/jd848/ppv/2k/r1-1078/recal
44,939.1,1973,166.8147217922701,-973.3944298443877,160,0.17234660599999999,8.470411892101147,5.923246671892296,14.217288175918734,5.17667378432802,5.93265384318701,10.83382376008841,5.618840675161822,5.937633613679926,9.017621122998449,0.000746680283879838,0.13559389082000983,1.730464502662946,0.28565979304895517,0.0010565035620292242,0.14080418447938153,1.6743666595155062,0.28565979304895517,1000,25,ppv,/gpfs/loomis/project/kklee/jd848/ppv/2k/r1-939/recal
45,738.63,3017,449.6518194702435,-620.5067247872014,160,0.258519909,10.244573012199877,9.48926392626771,20.772431933942485,8.021152901889598,9.480790027311334,17.83044539358785,7.891961175192843,9.59431001215624,17.396329702396397,0.001054543935681096,0.16747807419572308,1.4084220754560413,0.36451113710395705,0.002138262722522666,0.17459129362353373,1.6804568092165724,0.36451113710395705,1862,46,ppv,/gpfs/loomis/project/kklee/jd848/ppv/3k/r1-738/recal
46,962.75,3017,156.37282041640717,-973.6225725222099,160,0.258519909,6.300298328233346,7.243465686180772,14.3278550258416,3.842401033604753,7.258827481609493,13.330239950099834,3.7269327784991164,7.385358171764516,12.666878818623026,0.0021317333598806286,0.16970000594193602,2.0578664882657183,0.32588171687147593,0.0018958950667918005,0.1776581485985371,1.9582274441213308,0.32588171687147593,5000,125,ppv,/gpfs/loomis/project/fas/kklee/jd848/ppv/3k/r1/recal
47,1114.5,3017,74.4954248730185,-1057.1356321609626,160,0.258519909,7.33067680118927,6.11643812416495,14.34083926926518,3.7965869152167184,6.137045789226404,12.549251900212482,4.15439126016193,6.239958556585366,12.579356487517172,0.0031858032580312826,0.17366955395542244,1.974415775827573,0.2744040507241335,0.0029554564918203765,0.17996082195441068,1.9087990085596358,0.2744040507241335,3000,75,ppv,/gpfs/loomis/project/fas/kklee/jd848/ppv/3k/r1-1.05/recal
48,738.63,3946,458.71229432458875,-599.5058584005626,160,0.34469321199999997,13.0968650018145,11.19061885824422,22.465906713609247,9.257652290752732,11.232343000570193,19.029599844837477,8.891118179680474,11.351412025859467,20.275527619222398,0.0018610077151618438,0.2268582355706066,1.6683009391411399,0.4141805000684896,0.002421922863904211,0.2135910536287436,1.909440811917685,0.4141805000684896,1755,43,ppv,/gpfs/loomis/project/kklee/jd848/ppv/4k/r1-738/recal
49,738.63,4990,468.333458974958,-577.6841426439,160,0.430866515,18.178799333750742,12.508804422040882,27.54591701412964,10.21115236242441,12.526496209178385,22.674920502293155,10.144525044745087,12.535115756974797,22.75931687604408,0.007083364882653391,0.2932594308251455,3.0928759283875036,0.5494165192010376,0.004424416724778011,0.2523204002154437,2.5329012938338242,0.5494165192010376,1000,25,ppv,/gpfs/loomis/project/kklee/jd848/ppv/5k/r1-738/recal
50,939.1,4990,191.65830607524884,-909.4463794320375,160,0.430866515,18.92128993773861,9.740287995177507,26.550343991861805,7.599030927243523,9.781564112006363,20.556188266382634,6.913865097743673,9.666073701458815,20.56903271157708,0.002094180497178207,0.24818563814916797,3.1370711968126455,0.4839165989166489,0.0034418868882133643,0.24632902123283879,2.836429343324899,0.4839165989166489,1000,25,ppv,/gpfs/loomis/project/kklee/jd848/ppv/5k/r1-939/recal
51,1078.16,4990,105.40685552933597,-1000.428050494125,160,0.430866515,18.906309492951326,8.282430663094733,26.596074135880826,6.390850503057987,8.312058041108424,18.20177747786034,9.061114757691135,8.194970676369795,18.365624735292577,0.0028683174256317204,0.26578058596723175,2.175822454128245,0.3822780358812482,0.005138634321668743,0.2517293188490408,2.572480972540519,0.3822780358812482,1000,25,ppv,/gpfs/loomis/project/kklee/jd848/ppv/5k/r1-1078/recal
52,962.75,3946,164.8018089020269,-952.2047981309126,160,0.34469321199999997,10.012101403242168,8.440664877763103,18.97456761888893,5.616120482614548,8.471345731985283,17.07967579031699,5.338364236203771,8.52499229566047,15.464632907290547,0.0029654426776224993,0.21046695645905467,2.294921282287566,0.36649607103826837,0.0032796465805408825,0.20636113602172038,2.202279622679243,0.36649607103826837,3000,75,ppv,/gpfs/loomis/project/fas/kklee/jd848/ppv/4k/r1/recal
53,1114.5,3946,82.52052634725452,-1035.7920841605626,160,0.34469321199999997,9.710803466170802,7.184425301865122,17.785743617980188,5.192280025250843,7.22837638843865,15.230575525411908,5.574695859782122,7.348487753750844,14.558792471918675,0.0042480743809666256,0.22486308617191367,2.231916234171853,0.30278034728868275,0.0035104094952592944,0.2124679418446584,2.106189122175193,0.30278034728868275,3000,75,ppv,/gpfs/loomis/project/fas/kklee/jd848/ppv/4k/r1-1.05/recal
54,1000.0,9980,210.96087847216117,-710.0785900566275,160,0.86,45.102232073396436,12.716959213775837,56.47090763482167,15.712232851791866,12.695459337050615,40.249082462773124,17.806512572523683,12.224754900412957,39.6068824032683,0.01280795618243202,0.6727481384843751,10.95179936053434,1.0272101656878823,0.009304826617816224,0.5965065650539535,6.41134162334097,1.0272101656878823,745,31,ppv,/gpfs/loomis/project/kklee/jd848/ppv/10k/r1-1000/recal
55,1000.0,9980,209.83801624482692,-715.8763069515335,160,0.86,46.089937145227076,12.770629017070826,56.20881560229486,15.161007544114813,12.742950094817378,45.550758111554195,13.47402855085497,12.579340094823976,46.69609141510546,0.007972942592914142,0.6351131199907074,9.569319266070668,0.9199210175481002,0.013294822913527685,0.5730949187211527,5.74169542611828,0.9199210175481002,953,28,pv,/gpfs/loomis/project/kklee/jd848/pv+hf/10k/pv/r1-1000/recal
56,347.53,9980,4130.018315554204,3190.3526196249877,160,0.86,16.05901012104309,35.36895982186174,76.14835740434155,15.93457772958438,35.29108521701156,77.98591741242764,16.7886507091519,34.489355250153814,76.25794298976746,0.02402648735968973,1.6714260780922745,15.759765930540867,4.969669217511423,0.014922613191871551,1.3660178482197487,10.779767478440442,4.969669217511423,2000,50,pv,/gpfs/loomis/project/kklee/jd848/pv+hf/10k/r3-0.7-10k/recal
57,1000.0,9980,209.65053899110413,-717.2412150269859,160,0.86,29.640023025834324,12.717832887423501,52.787574259288334,14.426928566925634,12.805266906270498,41.134113778700254,11.427754055692025,12.887540774194987,39.36543752072704,0.01051475217681413,0.6545452897491869,8.9690598956404,0.9319431927592403,0.011528918062349802,0.5869755607367303,5.816731942411579,0.9319431927592403,796,36,pv,/gpfs/loomis/project/kklee/jd848/pv+hf/10k/r3-1000/recal
58,4000.0,9980,-0.03956498485546911,-838.7150486232954,160,0.86,25.358648029127327,6.299687212559205,63.47591633704072,10.486189925644135,6.583437586222741,25.805893463671016,9.333890193724116,4.058000987996112,16.70450963947765,0.0041703828950858226,0.44616484908025017,4.69640204763171,0.10936788374031031,0.002209727110307341,0.301304135165033,2.730482577774744,0.10936788374031031,110,5,pv,/gpfs/loomis/project/kklee/jd848/pv+hf/10k/pv/r1-4000/recal
59,347.53,4990,4039.5262391186234,3079.6024618580377,160,0.43,14.867204939030916,25.07766194316409,49.41562775944588,7.85212764678137,25.14993938617594,48.31311200304488,12.659686044179484,24.44532986943476,43.71858431667698,0.009539519600712636,1.3059057211817067,12.888840927427047,4.157246371630832,0.012893266068451151,1.1807015776976337,9.017531605294929,4.157246371630832,1000,25,pv,/gpfs/loomis/project/kklee/jd848/pv+hf/5k/4000g/r3-347/recal
60,4000.0,9980,0.8588111954328821,-826.4437925486666,160,0.86,34.26291792454486,6.465380638755185,59.8302801236422,13.119436071790625,6.696421739540838,24.869632003279527,20.635716777028396,5.688177124067951,34.1480074230604,0.003820813812355084,0.440432262578881,3.872104249645977,0.08576461692849467,0.012010177803164646,0.3015470064378795,2.141202556948325,0.08576461692849467,93,5,pv,/gpfs/loomis/project/kklee/jd848/pv+hf/10k/r3-4000/recal
61,2300.0,1973,-1.177505012945341,-1109.9556038221126,160,0.17,29.739321138276843,4.044769962135431,45.160953011240125,5.776071040594102,4.153467454636631,17.15103713876637,6.5972502607007115,4.0109112109303195,17.55834218432655,0.006546397715000996,0.3077898295353166,3.1962863560108663,0.2226528379557667,0.006546397715000996,0.3077898295353166,3.196286356010866,0.2226528379557667,1000,25,pv,/gpfs/loomis/project/fas/kklee/jd848/pv+hf/2k/r3-2300/recal
62,1200.0,1973,58.2438691893463,-1072.6326442324,160,0.17,2.8300668468068233,4.940614836800121,14.704849942443953,2.5169502177139416,4.9489223834588145,14.12577983090522,2.4747410259123876,4.7412305402672565,13.928964122842455,0.00463074272625522,0.21106176239241217,2.675180110848351,0.3571759191691984,0.00463074272625522,0.21106176239241217,2.675180110848351,0.3571759191691984,1000,25,pv,/gpfs/loomis/project/fas/kklee/jd848/pv+hf/2k/r3-1200/recal
