,vol,T,P(GPa),E(eV),N,sigma(eV),Est_all,Fst_all,Vst_all,Est_eq,Fst_eq,Vst_eq,Est_tr,Fst_tr,Vst_tr,Eaerr_test,Ferr_test,Verr_test,Verr_test(GPa),Eaerr_tr,Ferr_tr,Verr_tr,Verr_tr(GPa),Ndata,Ntrain,phase,path
0,4033.36,4990,85.93633161041606,-3296.969594809478,540,0.43,15.720689998849576,7.972514841195067,52.61152393106182,14.99554941531634,7.984117715025377,52.80834495076584,14.784544068125555,7.806657428027864,49.02999532826625,0.002613336627176105,0.3292366819395184,7.271901246999036,0.28886263975217236,0.0026133366271761053,0.3292366819395183,7.271901246999035,0.28886263975217236,934,46,pv,/gpfs/loomis/project/kklee/jd848/pv+hf/5k/60g/r3-333/cont1/recal
1,2390.14,4990,85.46907856677804,-1953.1296584953723,320,0.43,98.78367748646072,7.925097109187225,72.31773009822273,13.1486648279216,7.975971765921361,41.15417583295015,12.371507726107376,7.918479982841316,40.66703962570302,0.025969612349093014,0.5277172160281416,21.405759360343016,1.9897624190018912,0.026121221242331995,0.5551751104262156,29.683436185571757,1.9897624190018912,2552,127,pv,/gpfs/loomis/project/kklee/jd848/pv+hf/5k/60g/r3-320atoms/recal
2,1195.07,4990,84.22859920539724,-978.7898335040145,160,0.430866515,8.561818505014218,7.967657555421887,30.99739850021005,8.636613221015754,7.946932172350293,31.187923016304513,8.697545494310551,7.959691461118751,30.67603025328897,0.007170706352554751,0.3272072353768867,3.5275512834327882,0.472922941333064,0.00717070635255475,0.3272072353768867,3.5275512834327882,0.472922941333064,6000,300,pv,/gpfs/loomis/project/kklee/jd848/pv+hf/5k/60g/r3/cont3/recal
3,597.53,4990,84.57505430327213,-489.9284760895979,80,0.43,15.471823964375174,7.9370389727829975,22.18959832220052,5.838709275090181,7.9488819279347265,20.62121002129126,5.738031313837871,7.961203476359975,20.36546780762315,0.014044049385778277,0.3692872861632296,4.413180701064559,1.2454895902377814,0.012488519451183394,0.371401094464868,4.645039661627183,1.2454895902377814,6000,300,pv,/gpfs/loomis/project/kklee/jd848/pv+hf/5k/60g/r3-80atoms/recal
4,149.38,4990,88.24720019045117,-126.8200702577125,20,0.43,4.033882738696469,8.318205996014239,10.28862642030553,2.8429978925289725,8.346574692446099,9.307362879159609,2.832816095693021,8.292626494946736,9.375469966464827,0.017932636306045507,0.24038933282699487,0.9451619741120059,1.0576953683858084,0.01821699488522279,0.24761187508779514,0.9861492926452773,1.0576953683858084,8000,400,pv,/gpfs/loomis/project/kklee/jd848/pv+hf/5k/60g/r3-111/recal
5,1238.09,3017,57.309279805611794,-1061.01897428773,160,0.258519909,4.3718194742942345,6.0059290359620485,22.089245716374478,4.359748686214847,5.993903450218484,22.06025900769399,4.2035890318012195,5.91737228546638,21.569893018780743,0.0026931882394459097,0.20961544679609212,2.491662516838282,0.3177603497954923,0.0029438872292265102,0.20903467330410852,2.455509001759496,0.3177603497954923,5000,125,pv,/gpfs/loomis/project/kklee/jd848/pv+hf/3k/solid1.5/r3-3k/recal
6,1238.09,3017,38.504126335865294,-1109.7453202048,160,0.258519909,9.310198753866878,5.57553676394371,14.679616466523978,3.898781631118095,5.630066016197329,11.52519704896746,3.9336438203438555,5.501617509114023,12.088910170690694,0.001360151963303655,0.14335533655699365,1.8340490119146706,0.22558791935902753,0.0018645936680072796,0.13533844498663963,1.7432419338372258,0.22558791935902753,2000,50,pv,/gpfs/loomis/project/kklee/jd848/pv+hf/3k/solid1.5/r1-3k/recal
7,2100.0,1044,3.9497842010707007,-1145.3102044247346,160,0.09,16.354594622193396,3.0441222675174204,23.922443321262705,2.964145368608613,3.16544072128623,14.367968980131973,4.899964381858283,3.075910383166118,14.163730939564253,0.026795777592143355,0.20983022437397517,4.494086827091954,0.28043605370433644,0.01877818352941541,0.23178639037331902,3.675722795686837,0.28043605370433644,894,44,pv,/gpfs/loomis/project/kklee/jd848/pv+hf/1k/r1-2100/recal
8,939.1,1044,191.28416012629486,-921.75185041245,160,0.08617330299999999,18.020580036198403,4.7295235862668985,26.5291041223981,9.9013705746388,4.792503246635262,22.30546077565818,10.050049117452405,4.377812794543009,21.97645610886352,0.056879741082633814,0.4649476208660532,5.945411878210057,1.0166837950797152,0.05750952592984926,0.4900328911738919,5.959191636953392,1.0166837950797152,1000,50,pv,/gpfs/loomis/project/kklee/jd848/pv+hf/1k/r1-939/recal
9,2100.0,1044,-0.7611806845981255,-1141.794064095175,160,0.09,20.302584168201175,2.8257126095338654,41.55331101946585,3.7326643516517963,2.919547607627459,15.92464596266197,3.882061806762123,2.9170000481377,16.58228550559422,0.023150965079302314,0.19877757999976908,5.037234093077102,0.3076952415179828,0.012156265562840721,0.21408687732611487,4.033013581643219,0.3076952415179828,1000,50,pv,/gpfs/loomis/project/kklee/jd848/pv+hf/1k-solid/r1-2100/recal
10,939.1,1044,168.43745330969062,-1012.0980574834501,160,0.08617330299999999,6.026288149778381,4.368379486939206,20.844379973130806,5.907698789971679,4.407986655716397,19.435214553211058,6.3815869355855215,4.4657811634630695,19.610534816767693,0.032102957695115716,0.10694308847679161,7.800633787374156,1.2188964513818674,0.03207010799274822,0.10035083992383152,7.14444114732592,1.2188964513818674,1000,25,pv,/gpfs/loomis/project/kklee/jd848/pv+hf/1k-solid/r1-939/recal
11,518.76,1044,1400.5703745547366,457.39972427102504,160,0.08617330299999999,17.73736507891026,8.109182050567059,39.8780878242705,16.492217173498368,8.259381516125517,24.87793256180739,16.55217639263902,7.520476912920853,27.31559570466792,0.015358278721775911,0.3366322009236116,38.14149495280788,11.6406045702428,0.01646772702697014,0.3331163427423335,37.69047649593037,11.6406045702428,1000,25,pv,/gpfs/loomis/project/kklee/jd848/pv+hf/1k-solid/r1-518/recal
12,347.53,1044,4001.8237590242707,3042.9860460699,160,0.09,26.70272860697276,10.786653116280709,147.7109319602246,12.188847215496413,11.418993625035746,31.660003489191944,10.978673913690827,10.885454241876026,29.574929975263974,4.585873764257333,5.0010725358262755,2475.474330439334,1134.1012258106475,4.539899966581033,4.569156851109472,2459.9921999184767,1134.1012258106475,1000,25,pv,/gpfs/loomis/project/kklee/jd848/pv+hf/1k-solid/r1-347/recal
13,218.85,1044,12204.499044462436,8811.852133714687,160,0.09,66.42033092049472,19.048758872200555,167.59348930965862,31.652002702662383,19.99515520829719,34.861626380011856,20.473791045225845,15.099174702320482,25.541993240840505,29.408061776593694,8.871164256246095,9059.005988586216,6667.870550748991,29.46004327349266,9.333367260190808,9108.006265269158,6667.870550748991,1000,25,pv,/gpfs/loomis/project/kklee/jd848/pv+hf/1k-solid/r1-218/recal
14,518.76,3017,1414.094879027639,485.12502283284994,160,0.258519909,12.403659965263788,13.548397047563336,44.93857191112694,8.635511918332007,13.773985625096508,28.640819663276467,8.365336023104268,13.145428029393196,33.71612500116865,0.017441115821328568,0.3279713268552612,9.311321906515136,2.831865918923486,0.016321215894977755,0.3319077954967017,9.169143682593596,2.831865918923486,1000,25,pv,/gpfs/loomis/project/kklee/jd848/pv+hf/3k/300g/r1-518/recal
15,518.76,3946,1425.5363373510681,506.13050840578757,160,0.34469321199999997,10.404369375261394,15.991063845651597,47.33405663658176,7.273987613402362,16.246429115093317,31.96529422257653,8.162888236804715,15.8993520025021,39.08580576831401,0.018036517439715072,0.3458609235513013,5.16793555642991,2.0249495749122888,0.017380497243855875,0.3587802140957681,6.556473411508033,2.0249495749122888,1000,25,pv,/gpfs/loomis/project/kklee/jd848/pv+hf/4k/300g/r1-518/recal
16,518.76,4990,1437.5460557940876,527.9058479703125,160,0.430866515,8.353191288817683,18.24316811158057,49.815101410494336,5.248080079570408,18.556511318309227,35.35159416436488,6.47900612461776,18.157721887572816,29.736122069465313,0.017883927860216732,0.3556508640308853,8.546536774120618,2.8287324930992233,0.016405452605915975,0.37583664381680293,9.15899813459663,2.8287324930992233,1000,25,pv,/gpfs/loomis/project/kklee/jd848/pv+hf/5k/300g/r1-518/recal
17,738.63,1044,431.0611389318995,-662.9721451021625,160,0.08617330299999999,3.5887225348475265,5.662075899501406,26.853960140296802,3.229932721509748,5.631114010949129,24.500694350169496,3.241924013140402,5.843602852280449,32.49884725476209,0.04459043843996927,0.08597086487079456,6.216616873860732,1.4178642221898232,0.04417115167233493,0.08573963729809088,6.5365892676248265,1.4178642221898232,1000,25,ppv,/gpfs/loomis/project/kklee/jd848/ppv/1k/r1-738/recal
18,518.76,1044,1377.981173016779,428.13409177076255,160,0.08617330299999999,6.78189015352199,8.043793913130232,47.53568376793157,5.866031552527781,7.875247654879046,42.2140250266453,5.7065121052755385,7.441796223800677,40.19495221013776,0.023378219753874233,0.28896660637825466,43.019890787580295,13.228992665055985,0.023319550139176633,0.27864497125614673,42.833431382226564,13.228992665055985,1000,25,ppv,/gpfs/loomis/project/kklee/jd848/ppv/1k/r1-518/recal
19,1078.16,1044,74.0874173704731,-1085.3525334442875,160,0.08617330299999999,4.256740716815197,3.517171018753499,9.296802459511573,2.126446023383058,3.5246554284715073,7.879524304410158,1.9737263159349834,3.518227214259557,7.135661977983052,0.025457645300308973,0.09787600974285883,3.239235768140009,0.4537361824853919,0.02517948881191558,0.09120714696923057,3.0533475283404297,0.4537361824853919,1000,25,ppv,/gpfs/loomis/project/kklee/jd848/ppv/1k/r1-1078/recal
20,939.1,1044,158.50765121710987,-994.3693895472124,160,0.08617330299999999,4.4448145670172154,4.134273364417829,11.174988154045407,3.212160280921192,4.1343170562401665,8.60874934451372,2.741433064288181,4.169264459222363,8.469516082450024,0.022024306339578102,0.10428151375759999,2.99983773240445,0.44023417079358024,0.02191403868500409,0.10391222566237124,2.5803891058266726,0.44023417079358024,1000,25,ppv,/gpfs/loomis/project/kklee/jd848/ppv/1k/r1-939/recal
21,1500.0,1044,5.941488782314266,-1125.94514261755,160,0.08617330299999999,5.645115389389295,2.875951151047521,48.29073171673677,4.342618851415279,2.94548539092438,33.99642192888974,2.572045281979513,2.984398021280685,38.33763684502925,0.01436852783768123,0.19348025703823754,8.942581066962761,1.1977408678768233,0.010571740508990153,0.1801251516333309,11.213565835944788,1.1977408678768233,1000,50,ppv,/gpfs/loomis/project/kklee/jd848/ppv/1k/r1-1500/recal
22,518.76,1973,1389.5757517411557,449.0318730211875,160,0.17234660599999999,5.189354055105529,11.587523400508191,48.99051446981584,3.819473741880038,11.41553949850104,38.04071231768757,5.007013152718903,11.589074683706421,51.35109583363083,0.008084530176500241,0.3506882361142789,25.710912166640355,7.5959841790521,0.00807175002871822,0.3530617196688822,24.59462147661035,7.5959841790521,1000,25,ppv,/gpfs/loomis/project/kklee/jd848/ppv/2k/r1-518/recal
23,1500.0,1973,14.48759025827057,-1106.7610787696874,160,0.17234660599999999,6.503973450889339,4.251199467933893,41.1835311413205,4.019154069910259,4.339870692420222,25.91718486953477,2.9493041439753123,4.267040657394236,31.046686726481227,0.0074694970792378605,0.22193341002581643,4.668564915931735,0.5649834970973764,0.004701274951132912,0.2032459875586922,5.289524479660068,0.5649834970973764,1000,50,ppv,/gpfs/loomis/project/kklee/jd848/ppv/2k/r1-1500/recal
24,518.76,3017,1400.510097696842,470.38747445836475,160,0.258519909,5.2678430114068115,14.114936203820676,34.915646513705624,3.6186817297567626,14.02125240424257,21.868717288611155,3.7639024365178813,14.089257084576522,26.429993493361994,0.008165011569077302,0.39491204408893155,12.893054560061914,4.009490534623262,0.008909017068279948,0.38758210501764717,12.982109979251815,4.009490534623262,2056,51,ppv,/gpfs/loomis/project/kklee/jd848/ppv/3k/r1-518/recal
25,1500.0,3017,22.56785816307275,-1080.4154007842958,160,0.258519909,7.414886063441326,5.275164804973149,37.4945474895992,5.386040808187824,5.347731419158072,25.647383577943792,5.041382120525412,5.369334733219948,26.45683295696656,0.00665040567533334,0.2428785227745174,3.535261878180007,0.4254377965374601,0.007110133021019098,0.2401728081941956,3.9830608343763334,0.4254377965374601,1393,69,ppv,/gpfs/loomis/project/kklee/jd848/ppv/3k/r1-1500/recal
26,1281.42,3017,29.43357232123814,-1085.030606031721,160,0.258519909,6.690450114058954,5.29448930288515,16.364312874292384,4.264805232777372,5.300943543382411,14.197663324948033,4.282158335004054,5.425004930382557,13.795752412549888,0.002161950516908704,0.18322778481030522,3.5882377155026877,0.4450628820578676,0.0028282698370617684,0.17500057262849347,3.559610538080526,0.4450628820578676,3000,75,ppv,/gpfs/loomis/project/fas/kklee/jd848/ppv/3k/r1-1.1/recal
27,518.76,3946,1411.9553298779308,491.9456152912979,160,0.34469321199999997,9.853233688396035,16.32662581687978,35.06679436112571,8.416207546265978,16.270395685766253,25.63036046564502,7.592825184028705,16.45940471463466,28.113501872539075,0.009924240238728734,0.4119904677018895,10.139720793713181,3.029799929855114,0.011029722281555967,0.41925840155824917,9.810023384480775,3.029799929855114,2022,50,ppv,/gpfs/loomis/project/kklee/jd848/ppv/4k/r1-518/recal
28,1500.0,3946,27.3428373929884,-1052.4902433934749,160,0.34469321199999997,9.590137700773266,6.105699373020735,33.800867773006075,5.858737008563579,6.157033425434117,23.01328986371493,6.036232478060829,6.190443353337898,21.49394546866415,0.005052040258987667,0.27128098171794734,4.226030206003239,0.4675609761500969,0.007727953147632002,0.2665342741808177,4.377429149321571,0.4675609761500969,1266,63,ppv,/gpfs/loomis/project/kklee/jd848/ppv/4k/r1-1500/recal
29,518.76,4990,1423.0019887331455,514.0569730122,160,0.430866515,16.746226864215572,18.26162591277227,40.21860222923324,13.260733350605534,18.152147770575997,28.908923865417865,13.022006903270654,18.316391138887518,31.25214546140431,0.009383192173675812,0.43356632273018386,11.196848949989006,3.2633589389981252,0.00895026992301506,0.439651731509116,10.566251318468042,3.2633589389981252,1000,25,ppv,/gpfs/loomis/project/kklee/jd848/ppv/5k/r1-518/recal
30,1281.42,3946,37.802629563314774,-1062.1630234464208,160,0.34469321199999997,9.001800209537167,6.232538352631191,21.76919023060602,5.672227835595352,6.259594414232501,18.584454620262605,7.501613248465324,6.393338783087893,20.11269220285478,0.0031208549477709253,0.20714280300746696,3.9231597994998224,0.49999424027451334,0.0034399816594443333,0.20048897234249638,3.9989512457911838,0.49999424027451334,3000,75,ppv,/gpfs/loomis/project/fas/kklee/jd848/ppv/4k/r1-1.1/recal
31,519.0,9980,1456.4646816550462,622.777959257,160,0.86,31.355234899952993,25.472935559443922,49.3124332715856,12.542020704893403,25.50595417378604,45.37290770009443,14.584917267802552,24.762554939849302,38.84464720292148,0.010425839199949032,0.6234564012412949,5.870164674565207,1.5084009345724754,0.008270506547996702,0.5865142651406793,4.886228365086344,1.5084009345724754,1000,25,ppv,/gpfs/loomis/project/kklee/jd848/ppv/10k/r1-519/recal
32,519.0,9980,1472.8624728242312,642.4392849730875,160,0.86,30.171876373155236,26.220909798695576,55.98079246112953,15.546388047085252,26.254240861129464,53.02628281774543,15.301435477445649,25.861102970708167,55.8865902377595,0.006394668031684573,0.5028276694555276,7.03508367251912,1.2336315033164742,0.005528596788275007,0.4591092247035417,3.9961558663960384,1.2336315033164742,1000,25,pv,/gpfs/loomis/project/kklee/jd848/pv+hf/10k/pv/r1-519/recal
33,218.85,9980,12224.709662738582,8948.813521518325,160,0.86,56.64868978172241,51.228411524914485,175.40076371393107,19.99417339438517,51.55061997588648,103.58541530880315,22.339884082917628,50.77382682896788,97.66287581173505,30.22249472179366,24.703373287799703,9112.322478842425,6753.672503375479,30.419120780235318,25.281930068072043,9225.207809022371,6753.672503375479,1000,25,pv,/gpfs/loomis/project/kklee/jd848/pv+hf/10k/pv/r1-218/recal
34,126.65,9980,39455.477291771844,21675.447244741623,160,0.86,149.97542296172048,82.07305901731812,233.1752156989698,52.95580370620617,83.89834790314563,134.55449809239147,55.404954387075854,82.94199306964762,135.04994946385617,109.09249573122,37.35224482908784,17569.11538113688,22308.92444574731,109.43371209873949,37.26411868076161,17634.917676199166,22308.92444574731,909,45,pv,/gpfs/loomis/project/kklee/jd848/pv+hf/10k/pv/r1-126/recal
35,347.53,4990,4167.25706643017,3155.0098988170125,160,0.43,20.992336197702425,25.220764853599665,87.51006686668912,11.638876445476999,25.774974917281043,52.699739635448,14.266754833985313,25.144758510624516,59.643138511450886,4.57170449196437,5.465728482981078,2396.8714177550255,1108.3458176300219,4.563040676826466,5.234498850494679,2404.1258435579434,1108.3458176300219,1000,25,pv,/gpfs/loomis/project/kklee/jd848/pv+hf/5k/4000g/r1-347/recal
36,218.85,4990,12185.170464368099,8857.374304127625,160,0.43,70.92800322703772,34.90289024782468,185.70318173761083,22.175377778469358,35.89164886457298,79.14445698282086,29.9519924166857,34.279228532504604,76.54659702756192,29.54865136730595,16.985081374191054,9040.693959838163,6673.888417507996,29.72674166465341,16.92545232195018,9116.226396078147,6673.888417507996,1000,25,pv,/gpfs/loomis/project/kklee/jd848/pv+hf/5k/4000g/r1-218/recal
37,126.65,4990,39394.1240622954,21524.850774912276,160,0.43,153.64782685800012,57.00239572865292,256.277026529289,28.80956912088349,59.58471086144589,119.69597232008475,36.43371582945924,58.874733284939886,126.32330353944822,108.20408748682644,26.46684732375248,17664.790270030728,22315.601783858066,108.53566279358374,26.153514601419825,17640.196026043675,22315.601783858066,1000,25,pv,/gpfs/loomis/project/kklee/jd848/pv+hf/5k/4000g/r1-126/recal
38,4000.0,9980,0.25695389489411546,-849.1094167602631,160,0.86,29.198999833044073,6.447269608851899,62.334303350305355,12.216282805709,6.726175314192818,26.397866174139843,12.426788864400182,6.695201633991207,27.443805420480025,0.003995810481055883,0.3517909984412134,8.14328019109494,0.17660629861178054,0.008012504393994554,0.2899855492340606,4.409159297895568,0.17660629861178054,94,5,ppv,/gpfs/loomis/project/kklee/jd848/ppv/10k/r1-4000/recal
39,1000.0,9980,210.96087847216117,-710.0785900566275,160,0.86,45.102232073396436,12.716959213775837,56.47090763482167,15.712232851791866,12.695459337050615,40.249082462773124,17.806512572523683,12.224754900412957,39.6068824032683,0.020940898827323466,0.6364943101321627,10.47523283736043,1.5458690365110435,0.013885474487525246,0.6496914723338442,9.648555698804037,1.5458690365110435,745,31,ppv,/gpfs/loomis/project/kklee/jd848/ppv/10k/r1-1000/recal
40,1000.0,9980,209.83801624482692,-715.8763069515335,160,0.86,46.089937145227076,12.770629017070826,56.20881560229486,15.161007544114813,12.742950094817378,45.550758111554195,13.47402855085497,12.579340094823976,46.69609141510546,0.013221229137524762,0.6774123091577117,12.04096316097358,1.7688752976582653,0.01569397686117052,0.6038873131937488,11.040451312883528,1.7688752976582653,953,28,pv,/gpfs/loomis/project/kklee/jd848/pv+hf/10k/pv/r1-1000/recal
41,347.53,9980,4130.018315554204,3190.3526196249877,160,0.86,16.05901012104309,35.36895982186174,76.14835740434155,15.93457772958438,35.29108521701156,77.98591741242764,16.7886507091519,34.489355250153814,76.25794298976746,4.345662427403814,7.589935908142204,2340.234772540131,1077.605239495604,4.294693218676606,7.442137017722646,2337.446096891063,1077.605239495604,2000,50,pv,/gpfs/loomis/project/kklee/jd848/pv+hf/10k/r3-0.7-10k/recal
42,347.53,4990,4039.5262391186234,3079.6024618580377,160,0.43,14.867204939030916,25.07766194316409,49.41562775944588,7.85212764678137,25.14993938617594,48.31311200304488,12.659686044179484,24.44532986943476,43.71858431667698,4.478842098359817,5.626356540102242,2343.609609286133,1078.3133394128731,4.472202499823013,5.445998939116234,2338.982044682672,1078.3133394128731,1000,25,pv,/gpfs/loomis/project/kklee/jd848/pv+hf/5k/4000g/r3-347/recal
