,vol,T,P(GPa),E(eV),N,sigma(eV),Est_all,Fst_all,Vst_all,Est_eq,Fst_eq,Vst_eq,Est_tr,Fst_tr,Vst_tr,Eaerr_test,Ferr_test,Verr_test,Verr_test(GPa),Eaerr_tr,Ferr_tr,Verr_tr,Verr_tr(GPa),Ndata,Ntrain,phase,path
0,2100.0,1044,3.9497842010707007,-1145.3102044247346,160,0.09,16.354594622193396,3.0441222675174204,23.922443321262705,2.964145368608613,3.16544072128623,14.367968980131973,4.899964381858283,3.075910383166118,14.163730939564253,0.06185155721143495,0.5531092076354902,8.931894650729765,0.7837590537700695,0.058402052846242766,0.6365957910182893,10.272862501858985,0.7837590537700695,894,44,pv,/gpfs/loomis/project/kklee/jd848/pv+hf/1k/r1-2100/recal
1,939.1,1044,191.28416012629486,-921.75185041245,160,0.08617330299999999,18.020580036198403,4.7295235862668985,26.5291041223981,9.9013705746388,4.792503246635262,22.30546077565818,10.050049117452405,4.377812794543009,21.97645610886352,0.02306038352061838,0.9656010554365596,10.654640592033891,2.484968247836447,0.026240973798411067,1.0215682659744958,14.565395919820475,2.484968247836447,1000,50,pv,/gpfs/loomis/project/kklee/jd848/pv+hf/1k/r1-939/recal
2,2100.0,1044,-0.7611806845981255,-1141.794064095175,160,0.09,20.302584168201175,2.8257126095338654,41.55331101946585,3.7326643516517963,2.919547607627459,15.92464596266197,3.882061806762123,2.9170000481377,16.58228550559422,0.053912746478847064,0.5861999249114119,8.814046103269854,0.6794016810928271,0.04683559284053326,0.6070379540605054,8.905032764630745,0.6794016810928271,1000,50,pv,/gpfs/loomis/project/kklee/jd848/pv+hf/1k-solid/r1-2100/recal
3,939.1,1044,168.43745330969062,-1012.0980574834501,160,0.08617330299999999,6.026288149778381,4.368379486939206,20.844379973130806,5.907698789971679,4.407986655716397,19.435214553211058,6.3815869355855215,4.4657811634630695,19.610534816767693,0.03726668683088275,0.3447038505065966,9.241235852708195,1.4851390003169473,0.03330434893682551,0.3300652736636588,8.70499554850105,1.4851390003169473,1000,25,pv,/gpfs/loomis/project/kklee/jd848/pv+hf/1k-solid/r1-939/recal
4,518.76,1044,1400.5703745547366,457.39972427102504,160,0.08617330299999999,17.73736507891026,8.109182050567059,39.8780878242705,16.492217173498368,8.259381516125517,24.87793256180739,16.55217639263902,7.520476912920853,27.31559570466792,0.0129902438713556,0.5226404126503598,8.967806718405729,3.1717291032389157,0.013833552005056792,0.47805707063150227,10.269568087784569,3.1717291032389157,1000,25,pv,/gpfs/loomis/project/kklee/jd848/pv+hf/1k-solid/r1-518/recal
5,2400.0,3017,-0.24877730979227586,-1072.7124468605193,160,0.258519909,4.949513435234956,5.293090295512439,20.9447689623515,4.200830358552729,5.297644205959897,19.858850494035245,4.6408840038007995,5.017740380624912,25.33201018101747,0.02407230555047466,0.8849582722955683,9.933859443941047,0.64528697657789,0.023160466032128946,0.855025365704582,9.666154927498841,0.64528697657789,192,9,pv,/gpfs/loomis/project/kklee/jd848/pv+hf/3k/solid0/r3/cont1/recal
6,1273.0,3017,30.68051270028387,-1112.2429808273437,160,0.258519909,7.094164588948429,5.437980490384499,14.005548389745007,3.9728301613068364,5.460358575081179,12.19893325579332,3.6652764538380587,5.411631101659277,12.464151177630722,0.009141238790019723,0.4658586327579256,6.992529637071591,0.9004927406264116,0.010041741217605009,0.472046276462131,7.154812047157678,0.9004927406264116,4000,100,pv,/gpfs/loomis/project/kklee/jd848/pv+hf/3k/solid1/r1-k111/recal
7,1273.0,3017,63.50039960196241,-1059.442863665585,160,0.258519909,18.31708010445711,5.897630151137425,25.976925764835368,5.3337273112456565,5.915310631494039,23.50775248716978,5.188586450743103,5.933803616503682,23.44519508774029,0.01337291151611324,0.6480712212435786,7.820968486796255,1.037278916597441,0.01535543518734217,0.6405662041061966,8.241638553989207,1.037278916597441,5000,250,pv,/gpfs/loomis/project/kklee/jd848/pv+hf/3k/solid1/r3-3k/recal
8,1195.07,3017,49.91524620009806,-1103.5472277943688,160,0.258519909,7.341197093616467,5.825566652892488,13.175054895487094,3.9027614283246015,5.844098315982107,11.644227462749637,4.099108148933255,5.820699007779654,12.141273776024457,0.00528375331125338,0.43387290805029227,5.339069020922885,0.7379152449952135,0.005910187060748793,0.4307600168062602,5.50413955857188,0.7379152449952135,4000,100,pv,/gpfs/loomis/project/kklee/jd848/pv+hf/3k/solid2/r1-k111/recal
9,1195.07,3017,68.35097629661001,-1046.598630079486,160,0.258519909,4.311472915155993,6.149660538773672,22.50861932200741,4.149120172771598,6.16405306303325,21.4980515732688,4.361609880312205,6.1070661215228315,21.030137181805685,0.011426146050077579,0.6014652113068715,7.349795403715274,0.9614314406136155,0.0098282999766154,0.6044871945207821,7.171355871866392,0.9614314406136155,8000,200,pv,/gpfs/loomis/project/kklee/jd848/pv+hf/3k/solid2/r4-3k-re/recal
10,1078.16,3017,92.66785247400873,-1068.7337568920154,160,0.258519909,4.189751310440448,6.584300569192246,12.736684191415995,3.947916645711793,6.582406245525399,12.347540997538095,3.8216814182836925,6.488381968014639,11.987515592056015,0.0075139283113069165,0.41126994200485606,4.94490823279003,0.7339717850698417,0.006944129785862607,0.41125018114585127,4.9391497136924185,0.7339717850698417,4000,100,pv,/gpfs/loomis/project/kklee/jd848/pv+hf/3k/solid3/r1/cont2/recal
11,1078.16,3017,110.02317251469044,-996.2701689036453,160,0.258519909,4.667142413497923,6.764588085759682,24.11063215584304,4.229572044023271,6.758396056027782,22.997805127273544,4.096105976367632,6.749742719528516,22.421610578499553,0.007744652199822127,0.6370952634369097,7.994229313859544,1.2990653251322508,0.008480321243339178,0.6303853092110377,8.741859372815208,1.2990653251322508,8000,200,pv,/gpfs/loomis/project/kklee/jd848/pv+hf/3k/solid3/r3/recal
12,1013.21,3017,128.5655244079966,-1033.17494377412,160,0.258519909,4.1219141235020675,7.127654934290565,13.120546813586998,4.169580243327899,7.103632247658712,13.131576585337587,4.400334236437352,6.993133777712787,13.288838923064008,0.006386953989015148,0.42696168495472886,5.730163655713323,0.9323792006484614,0.007467808158368493,0.4267121427794246,5.896328267587136,0.9323792006484614,5000,125,pv,/gpfs/loomis/project/kklee/jd848/pv+hf/3k/solid4/r1/cont1/recal
13,1013.21,3017,141.9612303387984,-958.3526346010485,160,0.258519909,5.9371863749612555,7.1289013411128845,26.781565724659224,4.844395409995625,7.136549315513906,23.610973568162876,5.000768006259169,7.095344589773921,24.53200950378255,0.010745027503113052,0.6683932493144414,8.692251360025818,1.3838678049963897,0.009179080005720833,0.6598959528213572,8.751523898783832,1.3838678049963897,8000,200,pv,/gpfs/loomis/project/kklee/jd848/pv+hf/3k/solid4/r3/cont1/recal
14,518.76,3017,1361.5463718030533,530.8505268760833,160,0.26,5.376451437638785,13.321189600428177,39.40102017136653,4.334332487481127,13.342498693735804,37.11325978440794,6.549402083676847,13.295250572254679,38.00210206216436,0.02312230905714701,1.115742920225032,12.575023057771675,4.070181941523729,0.018689595765416702,1.116985537691597,13.178619364265595,4.070181941523729,6000,150,pv,/gpfs/loomis/project/kklee/jd848/pv+hf/3k/300g/r3-0.8/recal
15,738.63,3017,452.2798437597988,-550.6152845059646,160,0.258519909,4.878771875773248,9.447598070936587,23.901809586910247,4.212599424451146,9.45872273507875,23.75946982484458,4.662040691559038,9.392740692550085,23.17028549968204,0.015787441102186987,0.8984853795990175,11.056534605229306,2.407094437077049,0.01753607499837901,0.8992924121224087,11.097104657353272,2.407094437077049,6000,150,pv,/gpfs/loomis/project/kklee/jd848/pv+hf/3k/300g/r3-0.9/recal
16,868.7,3017,257.7754977845091,-801.647669387825,160,0.258519909,4.582263459355263,8.065281519962463,22.97345474611195,4.166388419759914,8.072337264861774,22.841409167969232,3.8723530322092636,8.019595852339569,23.269374648083385,0.021237416541270312,0.8774378102054903,14.110196801235318,2.6555948777895795,0.020053074162673816,0.8801451153204101,14.398632712440389,2.6555948777895795,6000,150,pv,/gpfs/loomis/project/kklee/jd848/pv+hf/3k/300g/r3-0.95/recal
17,939.1,3017,195.0890569863202,-893.198707905473,160,0.258519909,4.970171848939024,7.561415181104999,25.50019675371707,4.073245658843902,7.585007516252399,24.40316726432508,4.442921486314193,7.547836935591214,24.2776592078856,0.013858534355351606,0.7182509552750528,12.260106361327567,2.107187838509113,0.015400786497024501,0.7253273391888584,12.351073367652951,2.107187838509113,6000,150,pv,/gpfs/loomis/project/kklee/jd848/pv+hf/3k/300g/r3-0.975/recal
18,1013.21,3017,128.30397087697298,-1032.7578093532625,160,0.258519909,14.878101980554696,6.919684451952792,16.44345259521424,7.2985879137449965,6.966864809184793,13.041148098251735,8.030663836040027,6.932904603525319,12.921604890481813,0.006153002854264177,0.3910053831886409,7.129874707811039,0.9356419102828052,0.007072186397634371,0.4490592095275689,5.916961511049164,0.9356419102828052,1000,25,pv,/gpfs/loomis/project/kklee/jd848/pv+hf/3k/300g/r1-1013/recal
19,738.63,3017,459.42018865970965,-624.344359090101,160,0.258519909,16.88103048709677,9.111969453897826,59.44461089453534,17.06253310841743,9.353041120141782,57.63595871998194,17.359587457542048,6.808564701685495,89.11909314596954,0.019166476203364625,0.7144599248017515,31.20815528218884,2.38204066784865,0.04426324818342761,0.5476685622137538,10.981602625149531,2.38204066784865,123,3,pv,/gpfs/loomis/project/kklee/jd848/pv+hf/3k/300g/r1-738/recal
20,518.76,3017,1414.094879027639,485.12502283284994,160,0.258519909,12.403659965263788,13.548397047563336,44.93857191112694,8.635511918332007,13.773985625096508,28.640819663276467,8.365336023104268,13.145428029393196,33.71612500116865,0.018681492053692732,0.6971207862850601,10.829004822848884,2.1087536386726544,0.023875362153468787,0.7082218747208686,6.827818003308528,2.1087536386726544,1000,25,pv,/gpfs/loomis/project/kklee/jd848/pv+hf/3k/300g/r1-518/recal
21,1488.78,3946,28.843348066835752,-1054.9803857134916,160,0.34469321199999997,6.443795536007407,6.229552468966257,25.08237312497988,6.393069766684446,6.226034845511581,24.96942858017452,6.363059763301534,6.194106185587787,24.921723043713907,0.011183964456382598,0.7360955692860445,8.789735454994432,0.9677521988768023,0.014101553584055607,0.7384868686792806,8.992579843815218,0.9677521988768023,6000,217,pv,/gpfs/loomis/project/kklee/jd848/pv+hf/4k/25g/r3-4k/cont1/recal
22,1078.16,3946,116.52377966036532,-975.8447512411708,160,0.34469321199999997,6.935022055917417,7.739232649791236,26.57644666474729,6.118561977463226,7.751718544036507,25.646684066383315,6.078132406893352,7.7694428577213595,26.421786720317815,0.01161864854655499,0.6667559496127904,8.976900663703022,1.2463049848420142,0.010166336090391003,0.6603312894568827,8.386816815404039,1.2463049848420142,6000,300,pv,/gpfs/loomis/project/kklee/jd848/pv+hf/4k/100g/r3/recal
23,1013.21,3946,149.94907417998212,-931.4076809677272,160,0.34469321199999997,7.7234569107210715,8.198281525085207,29.648270824105747,6.505116140952943,8.223020941894642,28.743125250152197,6.840935844525849,8.213031316138718,28.340050512428224,0.012836802947203785,0.7167897094255037,9.37891737141961,1.5662919859564826,0.015722117656686525,0.7059688693942325,9.905167023961155,1.5662919859564826,6000,300,pv,/gpfs/loomis/project/kklee/jd848/pv+hf/4k/140g/r3-4k/cont1/recal
24,1195.07,3946,75.74485114953943,-1017.9263399370782,160,0.34469321199999997,6.570840463900331,7.120140115445706,27.46864174035571,6.42400362342132,7.1199829808947195,26.523264469568037,6.378231309321608,7.108522586430355,26.704596636614934,0.009249643955580214,0.6796328446699739,8.389527898697898,1.0340055159486958,0.00942345049717445,0.659971535472017,7.712688825329336,1.0340055159486958,5741,287,pv,/gpfs/loomis/project/kklee/jd848/pv+hf/4k/60g/r3/recal
25,1488.78,3946,28.863730644462343,-1051.6377559103666,160,0.34469321199999997,8.124662564019651,6.212416885949595,24.558144548715624,8.039472388408186,6.227171072298608,24.189569098601485,8.604104710959696,6.211993784764431,24.310747517231672,0.012274469681055144,0.7490835501656007,8.84817765700073,0.9342974853982524,0.01526911355114817,0.7685350212948969,8.681710819227117,0.9342974853982524,3000,150,pv,/gpfs/loomis/project/kklee/jd848/pv+hf/4k/25g/r1-0.99/cont1/recal
26,1195.07,3946,58.19092105987869,-1081.5881546104051,160,0.34469321199999997,5.463775750468118,6.882413599408843,15.124440720789046,5.457684537682867,6.891598867184517,15.331075845092409,5.965421317940275,6.868752501228752,15.931118713021748,0.010120511203412438,0.4970529814550853,5.120349175050824,0.6858482169340954,0.009567303785584737,0.4932063232273088,5.115769497386423,0.6858482169340954,5000,125,pv,/gpfs/loomis/project/kklee/jd848/pv+hf/4k/60g/r1/cont1/recal
27,1078.16,3946,101.64161433358429,-1047.0922764797624,160,0.34469321199999997,5.138861750287628,7.702938550305129,15.587542154658964,5.300436220245614,7.684375126770764,15.61392816362053,5.010982519027313,7.655141286585487,14.575287457381437,0.020105732988031803,0.4737684030907789,4.954014716767833,0.8267148604352536,0.01923172371596701,0.4818620543481226,5.56324990862626,0.8267148604352536,5000,125,pv,/gpfs/loomis/project/kklee/jd848/pv+hf/4k/100g/r1/cont1/recal
28,1013.21,3946,138.09730626919097,-1008.087415703505,160,0.34469321199999997,6.234481932423245,8.290194649460586,19.13179171050228,5.594756126330526,8.262302952298304,17.982827697773498,6.772569418613875,8.253276294022827,19.78025281591713,0.013904508078748466,0.49565651381457054,5.8958583006838206,0.9858224202961083,0.015231783723396555,0.49640788133315933,6.234301022127485,0.9858224202961083,5000,125,pv,/gpfs/loomis/project/kklee/jd848/pv+hf/4k/140g/r1-0.78/re2/recal
29,738.63,3946,458.93963420758365,-528.6970457204292,160,0.34469321199999997,5.4256693547947235,10.978936079760551,28.268604277387205,5.557588984983857,10.982610811135915,28.625105514384945,5.607552361670626,10.875457041084525,28.701646962883366,0.015804842676459725,0.9538015589074563,12.282101208424793,2.6477184176917996,0.014373248601604322,0.9579081684744377,12.206421124052978,2.6477184176917996,6000,150,pv,/gpfs/loomis/project/kklee/jd848/pv+hf/4k/300g/r3-0.9/recal
30,939.1,3946,200.5537443786972,-867.2133320804209,160,0.34469321199999997,6.102102334284577,8.779053755169786,33.921794112235915,5.644815634553586,8.791411851223705,32.263357149172016,5.130682696734171,8.756647970950413,32.37245529615599,0.013540207943495367,0.7854441506233388,12.38437580872431,2.1108755949237095,0.012820244986570875,0.7887829973081186,12.37268878760096,2.1108755949237095,6000,300,pv,/gpfs/loomis/project/kklee/jd848/pv+hf/4k/300g/r3-0.975/recal
31,868.7,3946,263.4370222306513,-778.1742359031167,160,0.34469321199999997,6.338503474882591,9.358101102874196,29.850984817691064,6.226136089308495,9.346834854142228,29.58566840119863,6.28502978324489,9.340521200476195,30.37379502225361,0.013525916122556589,0.9235638830175831,15.161130259767027,2.858287276140052,0.013406480677252622,0.9329502532979083,15.497630689075047,2.858287276140052,6000,150,pv,/gpfs/loomis/project/kklee/jd848/pv+hf/4k/300g/r3-0.95/recal
32,518.76,3946,1369.4569675893995,552.1579915729917,160,0.34469321199999997,6.641629999977988,15.413196687041832,45.1969640493087,5.726828102678229,15.445124604605148,47.367670831391855,5.417628421283996,15.384683603978148,47.10334066765906,0.021533468049882723,1.1906563953730076,13.67911692855189,4.383010104467336,0.02292497591061396,1.1768726140388843,14.191508553271452,4.383010104467336,6000,150,pv,/gpfs/loomis/project/kklee/jd848/pv+hf/4k/300g/r3-0.8/recal
33,1013.21,3946,135.95781048377881,-1010.9193142227625,160,0.34469321199999997,18.99140094759261,8.055068615608354,20.981189832234676,8.110800757038982,8.09763444260233,16.524003730700194,7.49230962567319,7.7165925351718565,18.72769642698177,0.023385049790751622,0.47235348813408917,7.87218549581468,1.0943141225154875,0.019874208759226852,0.5054536798969562,6.9203981488650435,1.0943141225154875,1000,25,pv,/gpfs/loomis/project/kklee/jd848/pv+hf/4k/300g/r1-1013/recal
34,738.63,3946,471.64618183746717,-604.428024412225,160,0.34469321199999997,16.01260245465882,11.425738688398416,32.54451812261825,12.173581012184144,11.52559303537402,24.873072640443205,16.919662181500087,11.110474525712688,29.206539940933126,0.03329313068887,0.7923477198974724,21.635764557278524,3.191325330370557,0.03898926840374931,0.7527459457034366,14.712539168088732,3.191325330370557,1000,25,pv,/gpfs/loomis/project/kklee/jd848/pv+hf/4k/300g/r1-738/recal
35,518.76,3946,1425.5363373510681,506.13050840578757,160,0.34469321199999997,10.404369375261394,15.991063845651597,47.33405663658176,7.273987613402362,16.246429115093317,31.96529422257653,8.162888236804715,15.8993520025021,39.08580576831401,0.02175354268072401,0.7512880151904889,6.0778953865846725,2.8780939591305943,0.02507512199671428,0.779482709148462,9.318822924111084,2.8780939591305943,1000,25,pv,/gpfs/loomis/project/kklee/jd848/pv+hf/4k/300g/r1-518/recal
36,2900.0,4990,0.4565573543139396,-979.8499250338663,160,0.43,25.443105167592726,5.98634556498056,29.35431799278866,22.43758422394116,6.017963608925899,25.14512965406977,7.454186019666087,5.965850290186047,24.072322659147957,0.03823530592620846,1.0552588121243316,14.676704632871262,0.7507271780500614,0.031596111713677856,1.0962536000050913,13.588444545259327,0.7507271780500614,766,35,pv,/gpfs/loomis/project/kklee/jd848/pv+hf/5k/0g/r3/recal
37,1195.07,4990,84.22859920539724,-978.7898335040145,160,0.430866515,8.561818505014218,7.967657555421887,30.99739850021005,8.636613221015754,7.946932172350293,31.187923016304513,8.697545494310551,7.959691461118751,30.67603025328897,0.01698159817248417,0.790832928556808,9.330941844283224,1.273845207165926,0.018034310723022876,0.7888847127066909,9.501662750313074,1.273845207165926,6000,300,pv,/gpfs/loomis/project/kklee/jd848/pv+hf/5k/60g/r3/cont3/recal
38,1195.07,4990,65.71651427364576,-1058.066813666797,160,0.430866515,6.936615302721447,7.762255949286754,19.470182675497636,7.101289285885211,7.768289709021695,19.538723983030415,5.482774612576938,7.680678853381269,17.870982302305613,0.01263955175338555,0.5522225872321945,6.536188867030754,0.7643397890452579,0.015189991836967561,0.5510943409445996,5.701241297842787,0.7643397890452579,2204,55,pv,/gpfs/loomis/project/kklee/jd848/pv+hf/5k/60g/r1/cont2/recal
39,1078.16,4990,109.01329321277454,-1024.13895121832,160,0.430866515,7.191131843495758,8.6849540853887,19.256601032899688,7.441700131551224,8.709157026494683,19.689773267989573,7.569662333048048,8.578865955280389,19.19544715994747,0.03052363729708012,0.527904428699028,5.568741390431961,0.8457860832051111,0.026225810334879324,0.5433056565304629,5.691586755354698,0.8457860832051111,2351,58,pv,/gpfs/loomis/project/kklee/jd848/pv+hf/5k/100g/r1/cont2/recal
40,1078.16,4990,127.98133673104775,-934.050277710921,160,0.430866515,7.786800619406263,8.734777606051473,33.53525246618073,7.89919435924638,8.736711019201735,32.96941143361199,7.9800500115499675,8.739235866050631,32.56720640029536,0.01744950466006603,0.7856849484629842,10.006790451939196,1.504224593094794,0.017151403282236417,0.7839895101054669,10.122446965187192,1.504224593094794,6000,300,pv,/gpfs/loomis/project/kklee/jd848/pv+hf/5k/100g/r3/cont3/recal
41,1013.21,4990,143.7572522282975,-989.30673315867,160,0.430866515,6.722079484065828,9.306057915104088,18.751781699652298,6.9871811837943305,9.267524563139512,18.83842822089453,6.439623895826928,9.078211989962496,19.4196895677141,0.029050490879452655,0.5810080137465318,6.15720739706858,1.0894219291005525,0.031129946879090275,0.5673344587352929,6.889460116031489,1.0894219291005525,2500,62,pv,/gpfs/loomis/project/kklee/jd848/pv+hf/5k/140g/r1/cont2/recal
42,1013.21,4990,159.82829203695474,-897.7286027764563,160,0.430866515,8.205237926300242,9.148763992764668,32.349729834782835,8.153953122046602,9.13575172998759,32.24234073475685,8.044510357564468,9.121136624831776,33.14776316820237,0.014400101489989936,0.7872482852386427,10.456090159860459,1.6316474657342361,0.014794192437951955,0.8000695097859474,10.318472428658382,1.6316474657342361,6000,300,pv,/gpfs/loomis/project/kklee/jd848/pv+hf/5k/140g/r3/cont3/recal
43,518.76,4990,1377.3423724843526,577.186700609375,160,0.430866515,17.169253451093535,17.262955838177522,51.37292140418778,7.35614268363164,17.286151549444543,42.77608565452708,8.963841014118797,17.18937401634066,44.56683600358173,0.05128630158311864,1.910761681084881,15.019956465028125,4.641740078452169,0.0358771609606421,1.3166941774584817,15.029236176817436,4.641740078452169,4279,106,pv,/gpfs/loomis/project/kklee/jd848/pv+hf/5k/300g/r3-0.8/recal
44,738.63,4990,471.55992833342725,-499.858982872423,160,0.430866515,10.653871887614157,12.283925681410448,40.96910365165419,8.708112435981569,12.30054715090568,36.94369699518053,8.437738263994438,12.17208414066459,37.183557370430364,0.03732421241154142,1.0610954833887953,16.71703512718221,3.3436035515958484,0.032919315032279205,1.0649270207761252,15.414567028709207,3.3436035515958484,6000,150,pv,/gpfs/loomis/project/kklee/jd848/pv+hf/5k/300g/r3-0.9/recal
45,868.7,4990,272.88426167518764,-754.195862658275,160,0.430866515,8.199900535093045,10.552937435855066,35.48112670910526,8.051297166718745,10.550423527509233,35.29865081496169,7.991321037316812,10.472710334155492,35.17327638460832,0.016452437841533808,1.0124250708237763,17.014007614816002,3.1224396711944937,0.019247793170393476,1.016486735815495,16.929864705005294,3.1224396711944937,6000,300,pv,/gpfs/loomis/project/kklee/jd848/pv+hf/5k/300g/r3-0.95/recal
46,939.1,4990,207.766857034575,-834.6542379299417,160,0.430866515,9.235136172956615,9.804448522608306,34.06416231676441,8.667704683983166,9.826676014935275,34.1237874507968,8.237427132835982,9.814341391108247,34.81557478256214,0.017680961678480326,0.8601391245898482,13.642465203820942,2.4285597574183946,0.017532807414211597,0.8658040656677193,14.234763125259144,2.4285597574183946,6000,300,pv,/gpfs/loomis/project/kklee/jd848/pv+hf/5k/300g/r3-0.975/recal
47,1013.21,4990,143.87682129992393,-988.8928752949001,160,0.430866515,23.384693012862215,9.218894012689871,25.91604182277693,9.70985731826609,9.273976779422414,20.353167084399143,10.259321481964275,9.382006789543787,23.16721694352838,0.029080034315901854,0.5785239550073609,6.377723975851336,1.2787344970386487,0.0320174357319391,0.5893361687416303,8.086665121212393,1.2787344970386487,1000,25,pv,/gpfs/loomis/project/kklee/jd848/pv+hf/5k/300g/r1-1013/recal
48,738.63,4990,480.776148327508,-582.4427244871374,160,0.430866515,20.33127327941126,12.813883254993845,35.95208328608651,13.613231762156882,12.89084128856482,30.4659202422817,11.19708566181695,12.531150759610304,31.02062724869964,0.048464126842008244,0.7736401894287891,13.445516745411314,3.0352235893809345,0.04589338283264157,0.807953114103334,13.99288424708762,3.0352235893809345,1000,25,pv,/gpfs/loomis/project/kklee/jd848/pv+hf/5k/300g/r1-738/recal
49,518.76,4990,1437.5460557940876,527.9058479703125,160,0.430866515,8.353191288817683,18.24316811158057,49.815101410494336,5.248080079570408,18.556511318309227,35.35159416436488,6.47900612461776,18.157721887572816,29.736122069465313,0.014186285471620772,0.8073863284226656,6.831200932162928,2.472017105119871,0.018883551657483465,0.8494707537055058,8.004008901413526,2.472017105119871,1000,25,pv,/gpfs/loomis/project/kklee/jd848/pv+hf/5k/300g/r1-518/recal
50,738.63,1044,431.0611389318995,-662.9721451021625,160,0.08617330299999999,3.5887225348475265,5.662075899501406,26.853960140296802,3.229932721509748,5.631114010949129,24.500694350169496,3.241924013140402,5.843602852280449,32.49884725476209,0.016149172676394666,0.4600209677490896,8.82150259419639,1.5506054141568826,0.016250954560753324,0.4234774744112976,7.148548182452035,1.5506054141568826,1000,25,ppv,/gpfs/loomis/project/kklee/jd848/ppv/1k/r1-738/recal
51,518.76,1044,1377.981173016779,428.13409177076255,160,0.08617330299999999,6.78189015352199,8.043793913130232,47.53568376793157,5.866031552527781,7.875247654879046,42.2140250266453,5.7065121052755385,7.441796223800677,40.19495221013776,0.013494363702627877,0.5470699557131702,11.60440252501925,2.5631544648405953,0.024615651431728607,0.5507556783580886,8.299097570883161,2.5631544648405953,1000,25,ppv,/gpfs/loomis/project/kklee/jd848/ppv/1k/r1-518/recal
52,1078.16,1044,74.0874173704731,-1085.3525334442875,160,0.08617330299999999,4.256740716815197,3.517171018753499,9.296802459511573,2.126446023383058,3.5246554284715073,7.879524304410158,1.9737263159349834,3.518227214259557,7.135661977983052,0.01644418583757489,0.32017320377932496,6.374273259524807,1.3397612016079137,0.01684116723335316,0.2991152946966602,9.015715985197257,1.3397612016079137,1000,25,ppv,/gpfs/loomis/project/kklee/jd848/ppv/1k/r1-1078/recal
53,939.1,1044,158.50765121710987,-994.3693895472124,160,0.08617330299999999,4.4448145670172154,4.134273364417829,11.174988154045407,3.212160280921192,4.1343170562401665,8.60874934451372,2.741433064288181,4.169264459222363,8.469516082450024,0.021014491066386882,0.3489129548705272,9.388242647174751,1.6686255450240843,0.02145651723953313,0.3667041345169544,9.780483805522508,1.6686255450240843,1000,25,ppv,/gpfs/loomis/project/kklee/jd848/ppv/1k/r1-939/recal
54,1500.0,1044,5.941488782314266,-1125.94514261755,160,0.08617330299999999,5.645115389389295,2.875951151047521,48.29073171673677,4.342618851415279,2.94548539092438,33.99642192888974,2.572045281979513,2.984398021280685,38.33763684502925,0.017482722896534006,0.502996352896671,9.254267870579806,1.3590878249224818,0.020618085365202467,0.5008787654285282,12.724138593195747,1.3590878249224818,1000,50,ppv,/gpfs/loomis/project/kklee/jd848/ppv/1k/r1-1500/recal
55,518.76,1973,1389.5757517411557,449.0318730211875,160,0.17234660599999999,5.189354055105529,11.587523400508191,48.99051446981584,3.819473741880038,11.41553949850104,38.04071231768757,5.007013152718903,11.589074683706421,51.35109583363083,0.03924226539214437,0.6077030339928646,9.287839140406236,2.316750757809061,0.02326189943551365,0.6132831399741737,7.501280492539744,2.316750757809061,1000,25,ppv,/gpfs/loomis/project/kklee/jd848/ppv/2k/r1-518/recal
56,738.63,1973,442.36280587815827,-637.6242368880487,160,0.17234660599999999,15.04312542953779,8.25754857296298,37.12292175803512,14.816348145290425,8.510544307022652,36.91082598378968,4.696541860000025,7.222041695558893,34.31752289251503,0.021282715156360866,0.6569294954234516,8.330526340902015,2.163285205022859,0.0064333602832931545,0.46688552796441485,9.97310365313024,2.163285205022859,102,2,ppv,/gpfs/loomis/project/kklee/jd848/ppv/2k/r1-738/recal
57,1078.16,1973,81.90310542056233,-1064.470864024875,160,0.17234660599999999,8.047938915284375,5.085684621120376,13.788704279674437,3.5810952403054315,5.085879836459601,11.085770743292956,3.441191134923152,5.066655279558636,11.569367912016434,0.003690760469593793,0.4003176454935999,8.080095775745098,1.2191703962870148,0.004613267891466219,0.40924360321154807,8.204218794582525,1.2191703962870148,1000,25,ppv,/gpfs/loomis/project/kklee/jd848/ppv/2k/r1-1078/recal
58,939.1,1973,166.8147217922701,-973.3944298443877,160,0.17234660599999999,8.470411892101147,5.923246671892296,14.217288175918734,5.17667378432802,5.93265384318701,10.83382376008841,5.618840675161822,5.937633613679926,9.017621122998449,0.0027747153023565444,0.43012149758998974,6.335791473322053,1.1201144450508556,0.004368861162220172,0.46107049745938544,6.565440174891726,1.1201144450508556,1000,25,ppv,/gpfs/loomis/project/kklee/jd848/ppv/2k/r1-939/recal
59,1500.0,1973,14.48759025827057,-1106.7610787696874,160,0.17234660599999999,6.503973450889339,4.251199467933893,41.1835311413205,4.019154069910259,4.339870692420222,25.91718486953477,2.9493041439753123,4.267040657394236,31.046686726481227,0.024993169549347362,0.583828263594397,9.454218276920464,0.9714666751616127,0.024094745912100042,0.5639386153331063,9.095127177769008,0.9714666751616127,1000,50,ppv,/gpfs/loomis/project/kklee/jd848/ppv/2k/r1-1500/recal
60,738.63,3017,449.6518194702435,-620.5067247872014,160,0.258519909,10.244573012199877,9.48926392626771,20.772431933942485,8.021152901889598,9.480790027311334,17.83044539358785,7.891961175192843,9.59431001215624,17.396329702396397,0.026309901970428484,0.6727199289583293,7.108340217425677,1.2114882317707483,0.013874375722786849,0.6423033311486036,5.585161716977339,1.2114882317707483,1862,46,ppv,/gpfs/loomis/project/kklee/jd848/ppv/3k/r1-738/recal
61,518.76,3017,1400.510097696842,470.38747445836475,160,0.258519909,5.2678430114068115,14.114936203820676,34.915646513705624,3.6186817297567626,14.02125240424257,21.868717288611155,3.7639024365178813,14.089257084576522,26.429993493361994,0.01536035462477385,0.666619249502743,7.350693478963182,1.8624273296003786,0.012269838264138695,0.6715820491281487,6.030251527581724,1.8624273296003786,2056,51,ppv,/gpfs/loomis/project/kklee/jd848/ppv/3k/r1-518/recal
62,1500.0,3017,22.56785816307275,-1080.4154007842958,160,0.258519909,7.414886063441326,5.275164804973149,37.4945474895992,5.386040808187824,5.347731419158072,25.647383577943792,5.041382120525412,5.369334733219948,26.45683295696656,0.01891443731804086,0.6755826920421552,8.428463075388704,0.9553571856590124,0.023316606341582988,0.6660228755144515,8.944305889153307,0.9553571856590124,1393,69,ppv,/gpfs/loomis/project/kklee/jd848/ppv/3k/r1-1500/recal
63,1281.42,3017,29.43357232123814,-1085.030606031721,160,0.258519909,6.690450114058954,5.29448930288515,16.364312874292384,4.264805232777372,5.300943543382411,14.197663324948033,4.282158335004054,5.425004930382557,13.795752412549888,0.012662728202596982,0.573003530578872,7.096119574645226,0.9198070294806298,0.013813097106127192,0.5710930664590745,7.356611676985649,0.9198070294806298,3000,75,ppv,/gpfs/loomis/project/fas/kklee/jd848/ppv/3k/r1-1.1/recal
64,962.75,3017,156.37282041640717,-973.6225725222099,160,0.258519909,6.300298328233346,7.243465686180772,14.3278550258416,3.842401033604753,7.258827481609493,13.330239950099834,3.7269327784991164,7.385358171764516,12.666878818623026,0.029741847227521045,0.516739913958913,7.655189198253557,1.1508561454560573,0.03160563734080083,0.5229325217477031,6.915509436684816,1.1508561454560573,5000,125,ppv,/gpfs/loomis/project/fas/kklee/jd848/ppv/3k/r1/recal
65,1114.5,3017,74.4954248730185,-1057.1356321609626,160,0.258519909,7.33067680118927,6.11643812416495,14.34083926926518,3.7965869152167184,6.137045789226404,12.549251900212482,4.15439126016193,6.239958556585366,12.579356487517172,0.01815864341083956,0.5002294329666367,6.489592724566349,0.8494785239742009,0.019707363628105778,0.5037690329485376,5.909110161004085,0.8494785239742009,3000,75,ppv,/gpfs/loomis/project/fas/kklee/jd848/ppv/3k/r1-1.05/recal
66,738.63,3946,458.71229432458875,-599.5058584005626,160,0.34469321199999997,13.0968650018145,11.19061885824422,22.465906713609247,9.257652290752732,11.232343000570193,19.029599844837477,8.891118179680474,11.351412025859467,20.275527619222398,0.017415527172954873,0.7180333617119478,4.5934695348309065,1.4689201903166025,0.022763287763523786,0.7436194506474497,6.771965750141797,1.4689201903166025,1755,43,ppv,/gpfs/loomis/project/kklee/jd848/ppv/4k/r1-738/recal
67,518.76,3946,1411.9553298779308,491.9456152912979,160,0.34469321199999997,9.853233688396035,16.32662581687978,35.06679436112571,8.416207546265978,16.270395685766253,25.63036046564502,7.592825184028705,16.45940471463466,28.113501872539075,0.012653408570593022,0.7369428990742788,8.128371771002241,2.104679624380425,0.012761658890738256,0.7331583238565029,6.814626975385642,2.104679624380425,2022,50,ppv,/gpfs/loomis/project/kklee/jd848/ppv/4k/r1-518/recal
68,1500.0,3946,27.3428373929884,-1052.4902433934749,160,0.34469321199999997,9.590137700773266,6.105699373020735,33.800867773006075,5.858737008563579,6.157033425434117,23.01328986371493,6.036232478060829,6.190443353337898,21.49394546866415,0.01490477510706604,0.7605627154129306,9.730223877977238,1.0198395871073267,0.026772136406329715,0.7385613468299131,9.54800713480109,1.0198395871073267,1266,63,ppv,/gpfs/loomis/project/kklee/jd848/ppv/4k/r1-1500/recal
69,518.76,4990,1423.0019887331455,514.0569730122,160,0.430866515,16.746226864215572,18.26162591277227,40.21860222923324,13.260733350605534,18.152147770575997,28.908923865417865,13.022006903270654,18.316391138887518,31.25214546140431,0.024816457631956657,0.7781246344976224,11.804427346459624,2.40195444682345,0.02261187258880244,0.8008523010556035,7.77715685435455,2.40195444682345,1000,25,ppv,/gpfs/loomis/project/kklee/jd848/ppv/5k/r1-518/recal
70,738.63,4990,468.333458974958,-577.6841426439,160,0.430866515,18.178799333750742,12.508804422040882,27.54591701412964,10.21115236242441,12.526496209178385,22.674920502293155,10.144525044745087,12.535115756974797,22.75931687604408,0.03526584574448899,0.8978678426814254,12.0620222889473,1.4637818778124028,0.028382919686731244,0.8235334729593566,6.748277277125121,1.4637818778124028,1000,25,ppv,/gpfs/loomis/project/kklee/jd848/ppv/5k/r1-738/recal
71,939.1,4990,191.65830607524884,-909.4463794320375,160,0.430866515,18.92128993773861,9.740287995177507,26.550343991861805,7.599030927243523,9.781564112006363,20.556188266382634,6.913865097743673,9.666073701458815,20.56903271157708,0.07052131327350218,0.6938756408075505,9.860290544316106,1.6669765691704603,0.07122088310226413,0.7115721011225902,9.770818496442134,1.6669765691704603,1000,25,ppv,/gpfs/loomis/project/kklee/jd848/ppv/5k/r1-939/recal
72,1078.16,4990,105.40685552933597,-1000.428050494125,160,0.430866515,18.906309492951326,8.282430663094733,26.596074135880826,6.390850503057987,8.312058041108424,18.20177747786034,9.061114757691135,8.194970676369795,18.365624735292577,0.04019298360365738,0.642682320386271,9.799157042832228,1.1947792894397653,0.04574826865600761,0.634178549102041,8.040082609988223,1.1947792894397653,1000,25,ppv,/gpfs/loomis/project/kklee/jd848/ppv/5k/r1-1078/recal
73,962.75,3946,164.8018089020269,-952.2047981309126,160,0.34469321199999997,10.012101403242168,8.440664877763103,18.97456761888893,5.616120482614548,8.471345731985283,17.07967579031699,5.338364236203771,8.52499229566047,15.464632907290547,0.05240299309960823,0.6089301135446257,7.7772671403881795,1.4148746273175887,0.052907511504331296,0.6016057537652982,8.501999902918621,1.4148746273175887,3000,75,ppv,/gpfs/loomis/project/fas/kklee/jd848/ppv/4k/r1/recal
74,1114.5,3946,82.52052634725452,-1035.7920841605626,160,0.34469321199999997,9.710803466170802,7.184425301865122,17.785743617980188,5.192280025250843,7.22837638843865,15.230575525411908,5.574695859782122,7.348487753750844,14.558792471918675,0.03400000095868856,0.5860685488424102,6.490428603326136,0.9677291270598267,0.03287426703732824,0.5648704443232389,6.731680503299582,0.9677291270598267,3000,75,ppv,/gpfs/loomis/project/fas/kklee/jd848/ppv/4k/r1-1.05/recal
75,1281.42,3946,37.802629563314774,-1062.1630234464208,160,0.34469321199999997,9.001800209537167,6.232538352631191,21.76919023060602,5.672227835595352,6.259594414232501,18.584454620262605,7.501613248465324,6.393338783087893,20.11269220285478,0.013278642420089016,0.6403353111619381,7.295635687291233,0.8613611716443135,0.014452748041261874,0.6390705682710021,6.8891620202105015,0.8613611716443135,3000,75,ppv,/gpfs/loomis/project/fas/kklee/jd848/ppv/4k/r1-1.1/recal
76,1000.0,9980,210.96087847216117,-710.0785900566275,160,0.86,45.102232073396436,12.716959213775837,56.47090763482167,15.712232851791866,12.695459337050615,40.249082462773124,17.806512572523683,12.224754900412957,39.6068824032683,0.03753238275504941,1.3942894831905106,13.580830932245636,3.035111022247945,0.02363938172049843,1.4127268954965715,18.94367314342941,3.035111022247945,745,31,ppv,/gpfs/loomis/project/kklee/jd848/ppv/10k/r1-1000/recal
77,519.0,9980,1456.4646816550462,622.777959257,160,0.86,31.355234899952993,25.472935559443922,49.3124332715856,12.542020704893403,25.50595417378604,45.37290770009443,14.584917267802552,24.762554939849302,38.84464720292148,0.021313357632639907,1.1192392134891647,12.233189861092766,3.2478383449945545,0.024876722421177423,1.085658076670191,10.52086317556241,3.2478383449945545,1000,25,ppv,/gpfs/loomis/project/kklee/jd848/ppv/10k/r1-519/recal
78,1000.0,9980,209.83801624482692,-715.8763069515335,160,0.86,46.089937145227076,12.770629017070826,56.20881560229486,15.161007544114813,12.742950094817378,45.550758111554195,13.47402855085497,12.579340094823976,46.69609141510546,0.06090776726816225,1.470848390872867,21.733386488721248,3.0274142615991764,0.06389770527858496,1.3154755880362476,18.895633741600385,3.0274142615991764,953,28,pv,/gpfs/loomis/project/kklee/jd848/pv+hf/10k/pv/r1-1000/recal
79,519.0,9980,1472.8624728242312,642.4392849730875,160,0.86,30.171876373155236,26.220909798695576,55.98079246112953,15.546388047085252,26.254240861129464,53.02628281774543,15.301435477445649,25.861102970708167,55.8865902377595,0.018258675174526395,1.1132963574003607,15.56244371198005,4.408846084184988,0.03909774224998919,1.126821053404174,14.281765742839687,4.408846084184988,1000,25,pv,/gpfs/loomis/project/kklee/jd848/pv+hf/10k/pv/r1-519/recal
80,218.85,9980,12224.709662738582,8948.813521518325,160,0.86,56.64868978172241,51.228411524914485,175.40076371393107,19.99417339438517,51.55061997588648,103.58541530880315,22.339884082917628,50.77382682896788,97.66287581173505,0.06470525079237122,3.9774093921899913,36.404311966231866,29.24996708599231,0.04837235041297667,4.166237767317802,39.95411750280745,29.24996708599231,1000,25,pv,/gpfs/loomis/project/kklee/jd848/pv+hf/10k/pv/r1-218/recal
81,126.65,9980,39455.477291771844,21675.447244741623,160,0.86,149.97542296172048,82.07305901731812,233.1752156989698,52.95580370620617,83.89834790314563,134.55449809239147,55.404954387075854,82.94199306964762,135.04994946385617,0.11654058893083956,7.877453797231207,63.204968536776704,74.46528034014025,0.09241279319579508,7.667947945205636,58.863845799782396,74.46528034014025,909,45,pv,/gpfs/loomis/project/kklee/jd848/pv+hf/10k/pv/r1-126/recal
82,218.85,4990,12216.988554595971,8761.59625301605,160,0.43,49.68822099860922,36.36492948134318,75.6439380169994,41.31843437784084,36.51257805588509,70.15005593968694,53.79881185211814,35.65785150080354,66.10108923189364,0.08262729819739714,3.54513580639419,30.68406779739643,21.474149258122385,0.06354161235607833,3.7627173204685658,29.332705920983088,21.474149258122385,1000,25,pv,/gpfs/loomis/project/kklee/jd848/pv+hf/5k/4000g/r3-218/recal
83,126.65,4990,39738.24740213523,21550.545791953635,160,0.43,82.94225579579745,57.59196894474482,191.07223390938887,38.16422356497129,59.383752488950364,101.73435936048996,43.635753145192545,60.2450962991549,117.69248053684439,0.03868335514342701,7.204663364687863,38.82481513426592,63.30086659664702,0.1072510211769643,7.343245360616329,50.03852041270122,63.30086659664702,942,23,pv,/gpfs/loomis/project/kklee/jd848/pv+hf/5k/4000g/r3-126/recal
84,347.53,4990,4167.25706643017,3155.0098988170125,160,0.43,20.992336197702425,25.220764853599665,87.51006686668912,11.638876445476999,25.774974917281043,52.699739635448,14.266754833985313,25.144758510624516,59.643138511450886,0.00513506245557503,1.6194940480451847,17.220102906158797,9.307942337501432,0.038538289388273486,1.5651025995279768,20.18996631555312,9.307942337501432,1000,25,pv,/gpfs/loomis/project/kklee/jd848/pv+hf/5k/4000g/r1-347/recal
85,218.85,4990,12185.170464368099,8857.374304127625,160,0.43,70.92800322703772,34.90289024782468,185.70318173761083,22.175377778469358,35.89164886457298,79.14445698282086,29.9519924166857,34.279228532504604,76.54659702756192,0.09928914459441071,3.9400632644811724,37.407778077808864,24.634785622674894,0.06052630843169178,3.8814283966378937,33.64999066601285,24.634785622674894,1000,25,pv,/gpfs/loomis/project/kklee/jd848/pv+hf/5k/4000g/r1-218/recal
86,126.65,4990,39394.1240622954,21524.850774912276,160,0.43,153.64782685800012,57.00239572865292,256.277026529289,28.80956912088349,59.58471086144589,119.69597232008475,36.43371582945924,58.874733284939886,126.32330353944822,0.18613038950433397,7.5771850658935005,68.17281369623105,75.43841582730988,0.07161742875547736,7.067656645957705,59.63309687890808,75.43841582730988,1000,25,pv,/gpfs/loomis/project/kklee/jd848/pv+hf/5k/4000g/r1-126/recal
87,347.53,1044,4001.8237590242707,3042.9860460699,160,0.09,26.70272860697276,10.786653116280709,147.7109319602246,12.188847215496413,11.418993625035746,31.660003489191944,10.978673913690827,10.885454241876026,29.574929975263974,0.028947963210734527,2.3309910013277784,27.730815488826572,9.967532801917066,0.026280697131024065,2.250742041144255,21.620691687041237,9.967532801917066,1000,25,pv,/gpfs/loomis/project/kklee/jd848/pv+hf/1k-solid/r1-347/recal
88,218.85,1044,12204.499044462436,8811.852133714687,160,0.09,66.42033092049472,19.048758872200555,167.59348930965862,31.652002702662383,19.99515520829719,34.861626380011856,20.473791045225845,15.099174702320482,25.541993240840505,0.004410546958851033,3.0229613966045603,13.36299263246498,18.120354846341385,0.021405602843409265,2.9553555628086734,24.751576116131854,18.120354846341385,1000,25,pv,/gpfs/loomis/project/kklee/jd848/pv+hf/1k-solid/r1-218/recal
89,126.65,9980,39869.16227069259,21637.079507243543,160,0.86,71.07900746006518,85.49628942365686,185.07680398248294,38.23230926105453,86.21144235317631,151.7781837705489,39.615602121731186,86.66917557323373,148.975713227033,0.045394235202652344,7.630403406110618,62.742574062377216,63.31778905955814,0.05135904453412793,7.264704394820618,50.05189740185378,63.31778905955814,2000,50,pv,/gpfs/loomis/project/kklee/jd848/pv+hf/10k/r3-0.5-10k/recal
90,218.85,9980,12287.061982895435,8875.980817850528,160,0.86,24.548088842244677,52.45323161213197,86.33888220068815,22.007278258221167,52.67528448366608,84.79671017987393,25.546831290535064,49.928232771473574,84.77548225350162,0.04632258375128825,3.8249494947676466,36.768270686619,21.20066999496055,0.034012346567729515,3.8129814085981195,28.959145753109198,21.20066999496055,875,21,pv,/gpfs/loomis/project/kklee/jd848/pv+hf/10k/r3-0.6-10k/recal
91,347.53,9980,4130.018315554204,3190.3526196249877,160,0.86,16.05901012104309,35.36895982186174,76.14835740434155,15.93457772958438,35.29108521701156,77.98591741242764,16.7886507091519,34.489355250153814,76.25794298976746,0.023920190634548692,2.3656838442070196,22.335501249000956,10.80660331186065,0.02629701014977349,2.3239266841525223,23.44072931919125,10.80660331186065,2000,50,pv,/gpfs/loomis/project/kklee/jd848/pv+hf/10k/r3-0.7-10k/recal
92,1000.0,9980,209.65053899110413,-717.2412150269859,160,0.86,29.640023025834324,12.717832887423501,52.787574259288334,14.426928566925634,12.805266906270498,41.134113778700254,11.427754055692025,12.887540774194987,39.36543752072704,0.04201103394300893,1.397775575497692,18.686830868998282,3.4140272194198213,0.04716041171002827,1.4359916634866177,21.30868204602266,3.4140272194198213,796,36,pv,/gpfs/loomis/project/kklee/jd848/pv+hf/10k/r3-1000/recal
93,4000.0,9980,0.25695389489411546,-849.1094167602631,160,0.86,29.198999833044073,6.447269608851899,62.334303350305355,12.216282805709,6.726175314192818,26.397866174139843,12.426788864400182,6.695201633991207,27.443805420480025,0.10573998510902385,1.365599896286281,17.6407093486633,0.8615042313263342,0.10912819888260865,1.3790702149955791,21.508346087241428,0.8615042313263342,94,5,ppv,/gpfs/loomis/project/kklee/jd848/ppv/10k/r1-4000/recal
94,4000.0,9980,-0.03956498485546911,-838.7150486232954,160,0.86,25.358648029127327,6.299687212559205,63.47591633704072,10.486189925644135,6.583437586222741,25.805893463671016,9.333890193724116,4.058000987996112,16.70450963947765,0.061180700994414396,1.370072054009073,20.65585518990373,0.7671225353265463,0.037631987181635136,1.6395756352808606,19.15200921964536,0.7671225353265463,110,5,pv,/gpfs/loomis/project/kklee/jd848/pv+hf/10k/pv/r1-4000/recal
95,347.53,4990,4039.5262391186234,3079.6024618580377,160,0.43,14.867204939030916,25.07766194316409,49.41562775944588,7.85212764678137,25.14993938617594,48.31311200304488,12.659686044179484,24.44532986943476,43.71858431667698,0.03321799613676691,2.2828148003952866,25.73485883620395,10.266877128063207,0.02808010808420734,2.149343193735552,22.27000295719086,10.266877128063207,1000,25,pv,/gpfs/loomis/project/kklee/jd848/pv+hf/5k/4000g/r3-347/recal
96,4000.0,9980,0.8588111954328821,-826.4437925486666,160,0.86,34.26291792454486,6.465380638755185,59.8302801236422,13.119436071790625,6.696421739540838,24.869632003279527,20.635716777028396,5.688177124067951,34.1480074230604,0.13338380865772023,1.5683072536936256,22.137729983660158,1.0189302144638883,0.2093063312194428,1.662374077357407,25.43864892885818,1.0189302144638883,93,5,pv,/gpfs/loomis/project/kklee/jd848/pv+hf/10k/r3-4000/recal
97,1000.0,19960,272.08280721899234,-598.9061493965698,160,1.72,107.06612595905597,17.046773410629374,122.93553591999942,41.416270729930304,16.91243037521667,63.42259332032575,28.494626127086878,16.456901531232177,57.31890143768095,0.026608432094690982,2.2190209411935293,45.68080136777129,4.664319282353668,0.11390870309566507,2.200046326132603,29.11239136684367,4.664319282353668,214,11,pv,/gpfs/loomis/project/kklee/jd848/pv+hf/20k/melt/r3-1000/recal
98,519.0,19960,1576.8366688827603,1055.0943194706845,160,1.72,116.43975071442618,33.38470369483345,115.82695372869348,35.08285743976803,33.3953301261787,81.60535226745735,46.1403133946537,33.09762325141108,79.1749134477812,0.04532874177641631,2.176620524247331,26.050115458231776,7.022017667760203,0.0709136313234331,2.1146590041789444,22.746725437472723,7.022017667760203,419,21,pv,/gpfs/loomis/project/kklee/jd848/pv+hf/20k/melt/r3-519/recal
99,347.53,19960,4247.004573939811,3537.514549110607,160,1.72,104.46984282714179,48.20476932705301,119.92985445256853,40.30595810813987,48.237302502743916,111.13383691349446,47.73584142039862,47.422658808868,104.94388211967365,0.0832407381093743,3.109166957044833,18.639182191130622,13.452887357774362,0.0607914924011165,3.012744268979052,29.180814916103685,13.452887357774362,473,23,pv,/gpfs/loomis/project/kklee/jd848/pv+hf/20k/melt/r3-347/recal
100,218.85,19960,12413.299053671692,9149.47881045486,160,1.72,85.34738894404138,73.07973099313585,149.546448151842,58.55426666773088,73.54944709319396,141.45432630714473,66.63965318055156,72.48561845731659,131.43364591197235,0.0520172001405223,4.285471403364707,43.20354177423755,25.135835331150346,0.05303721954923355,4.4048831847327,34.33440165588923,25.135835331150346,673,16,pv,/gpfs/loomis/project/kklee/jd848/pv+hf/20k/melt/r3-218/recal
101,126.65,19960,40292.05304475428,21914.938221079323,160,1.72,73.06159694204803,119.35756189596216,222.00140508562566,33.03837222108102,119.36242357622761,172.20265392383342,25.900118676510644,112.71784042181177,161.21857261960355,0.05023150938522984,7.8291674966447085,70.28625022064394,80.54713022115384,0.06194962597109712,8.046770735860516,63.671469862139276,80.54713022115384,737,18,pv,/gpfs/loomis/project/kklee/jd848/pv+hf/20k/melt/r3-126/recal
102,1000.0,14970,248.1649997842106,-605.624600671737,160,1.29,60.982053261521756,15.27575066736472,78.30164620826197,15.472165866781324,15.338913536254246,45.05530281250359,19.72933803506257,15.078615611970903,42.10788333577572,0.09752451087198737,1.9524306571609427,26.284793192216696,4.115648344262905,0.06524298610785027,1.8870693400981662,25.68785669964324,4.115648344262905,475,23,pv,/gpfs/loomis/project/kklee/jd848/pv+hf/15k/melt/r3-1000/recal
103,519.0,14970,1498.4481922447276,890.2122497091742,160,1.29,68.3831904116593,29.269806562230833,88.30260030785337,28.77663883989063,29.23814036408075,77.16729037632155,23.218519768704677,27.982823653836434,69.81222063398194,0.01254281496728148,1.8495676707526565,22.144434018215655,6.467553486558561,0.05022073444058681,1.944915896414913,20.950625642308047,6.467553486558561,681,34,pv,/gpfs/loomis/project/kklee/jd848/pv+hf/15k/melt/r3-519/recal
104,347.53,14970,4144.4527650343725,3321.8364633733104,160,1.29,51.69782480894108,42.09863181720582,94.39509921523086,27.222193307485803,42.18790984777984,88.5578520371925,26.468005462410183,40.312008896210266,94.39352687968807,0.025286567096897795,2.471925507201571,28.63077459820746,11.231380455652143,0.06406958959140727,2.6328455578255485,24.362118377459655,11.231380455652143,909,22,pv,/gpfs/loomis/project/kklee/jd848/pv+hf/15k/melt/r3-347/recal
105,218.85,14970,12294.851643855181,8967.245108118388,160,1.29,40.50596012750769,63.67120871631838,123.00673175546008,31.09687516214654,63.76065703010277,113.37009836490641,30.00006635467358,62.60626233744334,110.48969393202921,0.03742480385544956,4.038763040602169,33.94372332692867,23.53792911835522,0.04743731007900947,4.104293249185991,32.15173483794752,23.53792911835522,1000,25,pv,/gpfs/loomis/project/kklee/jd848/pv+hf/15k/melt/r3-218/recal
106,126.65,14970,40215.32801266756,21782.51795327948,160,1.29,101.25333419286581,104.41342692092677,209.13966625393107,69.76452578775418,105.28858319098121,163.24406726202983,63.54996209624003,100.8423851385926,155.69020942441898,0.04051974576568253,7.864857275279755,63.001314111476134,77.66742023912605,0.059066037672279026,7.92256567486758,61.39509618092983,77.66742023912605,841,21,pv,/gpfs/loomis/project/kklee/jd848/pv+hf/15k/melt/r3-126/recal
107,519.0,14970,1503.3618776033861,904.5436378473592,160,1.29,69.94654581021085,29.401563996115208,92.69103886075061,25.379963788393034,29.423969495667066,77.51023488922638,20.800401794615233,28.720831763555495,81.93713164585958,0.03378034354710631,1.9817633381313209,24.15479771120436,6.617341815595896,0.05230437098177001,1.9874573317006052,21.43584145285682,6.617341815595896,709,35,pv,/gpfs/loomis/project/kklee/jd848/pv+hf/15k/pv/r1-519/recal
108,347.53,14970,4158.630694297195,3338.2798096019537,160,1.29,63.54298610047516,42.83330321658548,122.7755420737502,30.50011678058201,42.90984821039108,87.69126911111272,29.110264481549873,42.27979969067427,79.58958963147184,0.04162116910809842,2.6410119841878665,21.602726569144064,11.952345788454146,0.04773750608244369,2.6051715751175637,25.92597269199566,11.952345788454146,915,45,pv,/gpfs/loomis/project/kklee/jd848/pv+hf/15k/pv/r1-347/recal
109,218.85,14970,12300.53448779682,9009.708252902376,160,1.29,80.83809483525438,63.12583965244377,167.17644059889582,35.539726123615736,63.318487732031734,125.1676812241771,42.12810003458425,62.468922949107,128.33189484690755,0.02331839719563688,4.146200922428043,33.473061357908065,26.821848324942035,0.045917128682700106,4.277280213807116,36.63741830774294,26.821848324942035,999,49,pv,/gpfs/loomis/project/kklee/jd848/pv+hf/15k/pv/r1-218/recal
110,126.65,14970,39461.53002025885,21825.13925293827,160,1.29,145.8363527561876,99.229311836525,252.75843791139306,67.43682661552212,100.43450525554199,162.75153381895132,73.84055035847754,97.92539998190212,187.74718695682787,0.05758674694957894,8.14741194328281,55.60944532862097,79.59592793006746,0.12701504191954988,8.124267504265953,62.919556692254574,79.59592793006746,846,21,pv,/gpfs/loomis/project/kklee/jd848/pv+hf/15k/pv/r1-126/recal
111,519.0,24950,1623.664749380715,1126.5442889827857,160,2.15,183.3524293319957,34.08530276311436,156.6060277272457,95.79095426994952,35.28729535882579,107.79797667172723,145.5217513445052,31.021361127049687,141.0962616610036,0.08342194400659077,2.222311421230517,22.061487457720848,5.056699039820899,0.06564940585505033,2.3687055873679577,16.380383832817483,5.056699039820899,175,10,pv,/gpfs/loomis/project/kklee/jd848/pv+hf/25k/r3-519/recal
112,347.53,24950,4345.811327253392,3715.6619088389953,160,2.15,189.61453118814077,52.42524737445423,158.99206451772508,98.45071202693919,52.35686242719471,135.1779011938364,94.55501686832821,46.68674695389613,133.21922825212346,0.05576465954044964,3.038284673793467,27.760869273384344,12.173902544099692,0.03523210763313627,3.2024843729944448,26.40655403546234,12.173902544099692,236,12,pv,/gpfs/loomis/project/kklee/jd848/pv+hf/25k/r3-347/recal
113,218.85,24950,12525.81195142979,9399.091648146436,160,2.15,160.09287664134777,79.30582025693893,154.3728088533259,79.04329179601028,78.42186192894127,138.77156462076923,95.32240431065411,77.21161194159801,128.96219957775392,0.04495099052892564,4.991536109095475,45.34077857355974,25.932667599632605,0.06568898265800438,4.999335817761123,35.422838097249034,25.932667599632605,252,12,pv,/gpfs/loomis/project/kklee/jd848/pv+hf/25k/r3-218/recal
114,126.65,24950,40093.44970482218,22123.127523363317,160,2.15,87.32423970580128,132.40939833047034,306.61493335700067,74.59753659824581,132.64350549314278,223.12933717042267,48.39655768110525,116.92245440053475,181.9606894217211,0.040958621666618455,9.039525024273814,55.71975575372331,69.18914528653524,0.0696275229114936,8.334167846624835,54.69312893958119,69.18914528653524,304,7,pv,/gpfs/loomis/project/kklee/jd848/pv+hf/25k/r3-126/recal
115,126.65,30056,40189.38453977351,22246.7030473123,160,2.59,118.67582340560698,143.7964081692182,331.7977324191278,104.74017890172838,142.3769121107597,226.08443444810945,100.05316295530461,134.67687731142757,169.74696090264095,0.14288676976402712,9.433606817456413,81.18187994441756,81.60068426673705,0.07016241633510381,8.50453884973194,64.50429077676783,81.60068426673705,206,5,pv,/gpfs/loomis/project/kklee/jd848/pv+hf/30k/melt/r3-126/recal
116,519.0,19960,1624.45225629492,1057.8708531749703,160,1.72,47.526096502845746,33.47563091097364,87.71518905731318,30.158388335845924,33.36842110243656,83.96568822070147,28.669040851325878,33.16887321822913,82.99662982245366,0.036609269500363015,2.1396979682113195,19.027523375249746,7.047814775818514,0.04946213388547174,2.1669586912076557,22.83029112497838,7.047814775818514,844,42,pv,/gpfs/loomis/project/kklee/jd848/pv+hf/20k/pv/r1-519/recal
117,347.53,19960,4316.13385244732,3540.385476632855,160,1.72,46.82910707822335,48.386345165253836,112.43844196275492,41.77108464652909,48.269329828041016,107.4364488311767,43.55411144404735,48.08673058408663,108.44781073106375,0.032077966888587675,3.046410383840286,21.477456659763778,13.374264290053015,0.03365837433149002,2.8541854855249453,29.01027270265186,13.374264290053015,941,47,pv,/gpfs/loomis/project/kklee/jd848/pv+hf/20k/pv/r1-347/recal
118,218.85,19960,12518.675832189187,9112.508430228287,160,1.72,34.03849658544312,73.37114584513418,145.2580366151755,34.20282178270677,73.37875900977143,144.1102203058887,34.124738964882965,72.95215275719109,148.36123559330707,0.04614947573975909,4.228161319056437,37.51126960453606,27.1661137174268,0.05408753127420842,4.235201046152736,37.107669091377964,27.1661137174268,1000,50,pv,/gpfs/loomis/project/kklee/jd848/pv+hf/20k/pv/r1-218/recal
119,126.65,19960,39915.61895203314,21915.599622189322,160,1.72,107.56552948393585,117.64037729673717,237.90245538703203,58.713882573726494,116.94080345669384,178.9676427780202,44.286034525611555,113.77477958373487,159.18824933433427,0.1075639813248459,8.137092366462332,57.617676700539704,66.5164123242534,0.06670973118342285,8.125163898438737,52.58036792885084,66.5164123242534,1000,50,pv,/gpfs/loomis/project/kklee/jd848/pv+hf/20k/pv/r1-126/recal
120,519.0,24950,1686.675765715339,1154.8351927684314,160,2.15,88.55984186980115,37.03643076580532,107.79467416512242,40.351791921135984,37.02325572242744,92.33557344639192,43.61992313742497,35.24206991756566,98.2334465276129,0.03940172080487309,2.2129515346123263,26.120098423534166,8.349725542959908,0.06118557042641874,2.1641713434312932,27.047626962827493,8.349725542959908,382,20,pv,/gpfs/loomis/project/kklee/jd848/pv+hf/25k/pv/r1-519/recal
121,347.53,24950,4411.773112243453,3707.9268772326172,160,2.15,80.86973038420665,53.43258485933589,119.37781182192647,44.52154034457817,53.182503793365974,113.85835415265707,47.90720812048276,51.514420656840876,122.59688923493295,0.05608514228377544,3.031703427562855,31.092590485432105,13.283544278845131,0.05040141373173762,3.049615390666163,28.813490867954172,13.283544278845131,482,24,pv,/gpfs/loomis/project/kklee/jd848/pv+hf/25k/pv/r1-347/recal
122,218.85,24950,12627.654850601597,9357.91187599787,160,2.15,61.845112867421804,80.06778761016714,153.5379536227311,41.952970766995456,79.38782223186402,151.76904324068596,35.361330930222685,76.06335854979926,154.78536295874108,0.05472368634010388,4.816039329558891,46.89892741866243,24.128870974682624,0.0660086338647469,4.585245001283117,32.95893439121947,24.128870974682624,505,25,pv,/gpfs/loomis/project/kklee/jd848/pv+hf/25k/pv/r1-218/recal
123,126.65,24950,40172.210269959745,22108.194343471398,160,2.15,103.6623861988461,130.960498725745,261.6979979505593,59.45883758477926,130.04627555283508,204.9964170206653,83.70781744743543,129.66602344621316,206.0935675941104,0.06975466323836056,9.50985809159877,76.16793927653953,69.10600980482727,0.07513019470573715,8.377635966863586,54.627411411178755,69.10600980482727,662,33,pv,/gpfs/loomis/project/kklee/jd848/pv+hf/25k/pv/r1-126/recal
124,519.0,14970,1523.796616950435,775.0219545585875,160,1.29,35.58979580558869,30.74343416179933,68.87165335754277,25.801045119006204,30.732384382859575,66.59238238394751,26.195347520844127,31.025152115030867,68.18397981982942,0.04272021238596257,1.484999884109929,13.609560595896548,4.359682968055577,0.046967316828915966,1.52094913599925,14.122509535128804,4.359682968055577,1000,50,ppv,/gpfs/loomis/project/kklee/jd848/ppv/15k/r1-519/recal
125,519.0,19960,1596.0641476110154,1053.7673989649552,160,1.72,67.18599780186612,33.09760409503098,85.59613897317624,34.30211294958646,32.93148459685154,78.97259521275643,32.41724631544782,32.905087510161486,74.25136446110196,0.05872899098316682,2.246840093125239,23.189088208257132,7.114553001168159,0.0480222631183662,2.177358956006524,23.046479143869647,7.114553001168159,840,42,ppv,/gpfs/loomis/project/kklee/jd848/ppv/20k/r1-519/recal
126,519.0,24950,1664.2992204692732,1167.0793303781747,160,2.15,118.10857429702195,36.682587237276216,109.09480135308836,32.41287268829467,37.011898837666855,90.24282383324704,46.60140760213637,34.0165784346005,85.77003165148824,0.0971366565014459,2.2305727968050117,34.90901581072257,6.386159699636948,0.06021689763656687,2.209897915469005,20.686963229163954,6.386159699636948,328,19,ppv,/gpfs/loomis/project/kklee/jd848/ppv/25k/r1-519/recal
127,6108.19,19960,15.579078724622185,-1044.1546724965926,160,1.72,11.415756345155753,7.113179372661825,26.103254515852427,7.382219227335554,6.130988835904547,19.98196491319107,5.60571904311136,5.964420360627305,19.34014086328918,0.04523285184804095,1.6374343563423777,30.36655768370298,0.6490383824430397,0.05148644190089023,1.6745989528624632,24.74414933901119,0.6490383824430397,337,14,pv,/gpfs/loomis/project/kklee/jd848/pv+hf/20k/melt/r3-6108/recal
128,5500.0,14970,2.2153006665984516,-877.2845629842373,160,1.29,5.125354078155123,5.712418376074201,19.99528266476467,4.749341446552625,5.332198384070008,19.5067549223504,0.06693383500004302,4.829185815620289,14.78666903285763,0.12161523720893612,1.7353898334019497,20.24737884244295,0.34981362490709994,0.02822835480510193,1.5410693357780727,12.00850712718782,0.34981362490709994,73,2,pv,/gpfs/loomis/project/kklee/jd848/pv+hf/15k/melt/r3-5500/cont1/recal
129,8000.0,24950,5.143794090361445,-1264.5466204616266,160,2.15,9.053622413918763,5.8412763460454,21.573524593725356,5.047591997808152,4.719197783004565,15.944896555242577,18.233826701130102,22.587732360358853,57.7509716785038,0.1846822415545759,4.4998901175882215,43.21677337841836,0.8513410115614627,0.27518895483091843,3.8884271459143145,42.50922154319643,0.8513410115614627,207,7,pv,/gpfs/loomis/project/kklee/jd848/pv+hf/25k/r3-8000/cont2/recal
130,1000.0,24950,290.11334736434117,-640.6789471325582,160,2.15,141.845588803336,17.310844169718,159.64330890591935,79.98595561253944,17.944557352076533,93.81409673901979,123.75603322006857,21.38235265092452,137.54396418265688,0.11405784535450465,3.0728074535270586,78.29569241617834,5.118080458599262,0.08893584265956872,3.2353222611634873,31.94454588935206,5.118080458599262,107,7,pv,/gpfs/loomis/project/kklee/jd848/pv+hf/25k/r3-1000/recal
131,9500.0,30056,9.42871439251411,-1582.8990164173333,160,2.59,16.570802144158645,5.552421660257139,26.561606489622545,15.095554917710581,5.953566311674336,25.98052505088337,245.61092095500004,40.04623062891025,253.3765440267562,0.08414808879621347,22.08474144447576,179.5889119961805,0.9723833086934026,0.35469120707749224,2.929172550616531,57.656823303131084,0.9723833086934026,56,2,pv,/gpfs/loomis/project/kklee/jd848/pv+hf/30k/melt/r3-9500/cont1/recal
132,1000.0,30056,390.00608254761903,-589.4310287875713,160,2.59,172.99374763381024,21.61167510338321,60.46929974448819,188.19588460065597,21.787553224829587,61.64819941084107,40.82007619578694,18.471108990825893,54.60255060173911,0.06864675985668235,3.457561027897371,58.93854369149389,5.82062945044477,0.20536343870689455,2.5517438129918304,36.32951183333588,5.82062945044477,87,8,pv,/gpfs/loomis/project/kklee/jd848/pv+hf/30k/melt/r3-1000/cont1/recal
133,519.0,30056,1772.6110410579909,1204.7334778777324,160,2.59,48.66376798771069,39.97279595879999,96.5992778019951,47.86882192062584,40.06421449504458,98.44878362251947,36.80089063123564,37.85205114219459,102.93288478945928,0.04114390930905074,2.257974371420516,32.53945043260483,6.7207120611235425,0.05045291552054752,2.228507367484245,21.770693158544926,6.7207120611235425,215,13,pv,/gpfs/loomis/project/kklee/jd848/pv+hf/30k/melt/r3-519/cont1/recal
134,347.53,30056,4573.48046160439,3828.865610425513,160,2.59,48.82264569772198,57.220575270011935,120.22544272858815,45.699343931680446,57.19222155087554,118.0790608324008,48.476620142736586,53.7366280127442,100.84843601773254,0.02488275614358846,3.213896029595446,26.991908017774517,13.02804238804847,0.07172359309912384,3.4031416187824934,28.259278735809676,13.02804238804847,195,12,pv,/gpfs/loomis/project/kklee/jd848/pv+hf/30k/melt/r3-347/cont1/recal
135,519.0,30056,1740.9963030056144,1200.7253831822454,160,2.59,83.01613906375783,40.10292946897604,110.70771857548642,42.61876774497618,40.08834867218952,99.62602983380161,47.482974206498284,39.42892274116853,100.035027044178,0.04447427420622581,2.3006092359113524,47.27031341464137,6.871278548168034,0.05123680684546319,2.3190142787312515,22.25842968997098,6.871278548168034,957,47,pv,/gpfs/loomis/project/kklee/jd848/pv+hf/30k/pv/r1-519/recal
136,347.53,30056,4504.161504588318,3840.0015706560876,160,2.59,87.54324797815941,57.17777077596213,130.9005651352906,50.94776284534198,57.05057893689413,126.3489097250773,48.55313612976973,55.630744381535756,126.06427519716414,0.04594446711333737,3.1579342828823425,30.01738382326437,13.289647062395634,0.05953998336781883,3.177845209636187,28.826728486951808,13.289647062395634,1000,50,pv,/gpfs/loomis/project/kklee/jd848/pv+hf/30k/pv/r1-347/recal
137,218.85,30056,12746.501515599515,9557.148270262218,160,2.59,107.50698349697703,86.89778832280668,162.10212954808077,69.29806815823075,86.76144303849692,160.56003486790732,54.862782703641116,84.2694766716686,157.92689124013125,0.03241344241863755,5.176888145685957,71.64209515420113,25.479695857656722,0.09836884612903549,4.94780832805414,34.8040994111114,25.479695857656722,377,20,pv,/gpfs/loomis/project/kklee/jd848/pv+hf/30k/pv/r1-218/recal
138,126.65,30056,40275.19377441329,22287.539137735675,160,2.59,84.68008998580613,142.254694188627,280.83924676828116,73.10655894053232,140.72999816554182,236.93095763720788,91.46909403021289,138.82392091247016,230.31801401339322,0.07412935360025104,9.169542890983852,80.42056347529191,77.05573320361167,0.10582991610214747,8.824000364580078,60.911565451282726,77.05573320361167,418,18,pv,/gpfs/loomis/project/kklee/jd848/pv+hf/30k/pv/r1-126/recal
139,519.0,30056,1670.0692905535122,1092.537419596875,160,2.59,219.44952105072696,34.64449554769853,155.80081671540214,113.39916643117482,35.80891757287411,112.4018297352777,42.92252253368004,34.75174052224601,101.85975631103699,0.00651273077189609,2.3161779886869014,24.14800084209609,7.619099260977816,0.04008716558035205,2.3760702339098887,24.68087765800138,7.619099260977816,60,10,ppv,/gpfs/loomis/project/kklee/jd848/ppv/30k/r1-519/recal
